@RELATION dane

@ATTRIBUTE Aluminium numeric
@ATTRIBUTE Krzem numeric
@ATTRIBUTE Magnez numeric
@ATTRIBUTE Miedz numeric
@ATTRIBUTE Cynk numeric
@ATTRIBUTE Cyna numeric
@ATTRIBUTE Nikiel numeric
@ATTRIBUTE Zelazo numeric
@ATTRIBUTE Olow numeric
@ATTRIBUTE TemperaturaWytapiania numeric
@ATTRIBUTE CzasWytapiania numeric
@ATTRIBUTE TemperaturaStudzenia numeric
@ATTRIBUTE CzasPodgrzewania numeric
@ATTRIBUTE TemperaturaStudzenia2 numeric
@ATTRIBUTE CzasPodgrzewania2 numeric
@ATTRIBUTE StopieńUszlachetniania numeric
@ATTRIBUTE Jakość numeric

@DATA
20,5,5,20,10,15,0,5,20,834,35,531,9,323,38,1,1
20,5,5,20,10,15,0,5,20,971,66,725,18,364,32,1,7
20,5,5,20,10,15,0,5,20,1079,30,840,21,367,20,2,9
20,5,5,20,10,15,0,5,20,781,39,503,22,247,12,2,2
20,5,5,20,10,15,0,5,20,854,31,603,19,250,30,2,3
20,5,5,20,10,15,0,5,20,773,62,419,21,250,32,1,0
20,5,5,20,10,15,0,5,20,822,41,623,24,341,25,5,9
20,5,5,20,10,15,0,5,20,891,32,679,7,346,35,5,10
20,5,5,20,10,15,0,5,20,870,39,603,18,325,19,1,5
20,5,5,20,10,15,0,5,20,1006,33,729,7,279,38,1,9
20,5,5,20,10,15,0,5,20,806,52,497,17,245,31,2,3
20,5,5,20,10,15,0,5,20,937,64,702,10,399,20,1,6
20,5,5,20,10,15,0,5,20,794,35,519,10,225,16,4,6
20,5,5,20,10,15,0,5,20,820,46,635,9,276,35,3,6
20,5,5,20,10,15,0,5,20,839,52,659,15,352,22,4,10
20,5,5,20,10,15,0,5,20,756,62,493,11,258,37,5,8
20,5,5,20,10,15,0,5,20,818,59,518,8,275,17,4,7
20,5,5,20,10,15,0,5,20,834,47,481,14,272,35,3,8
20,5,5,20,10,15,0,5,20,860,39,471,8,330,26,5,10
20,5,5,20,10,15,0,5,20,929,32,529,16,289,30,4,9
20,5,5,20,10,15,0,5,20,770,59,454,15,290,30,4,6
20,5,5,20,10,15,0,5,20,857,37,556,15,259,26,2,6
20,5,5,20,10,15,0,5,20,769,65,519,7,245,32,5,8
20,5,5,20,10,15,0,5,20,783,53,434,7,255,13,3,4
20,5,5,20,10,15,0,5,20,876,64,481,6,290,27,5,10
20,5,5,20,10,15,0,5,20,838,62,610,15,233,29,4,9
20,5,5,20,10,15,0,5,20,785,36,548,16,228,23,4,6
20,5,5,20,10,15,0,5,20,787,62,556,23,243,17,3,4
20,5,5,20,10,15,0,5,20,783,41,556,21,312,15,4,6
20,5,5,20,10,15,0,5,20,877,47,648,7,282,30,1,7
20,5,5,20,10,15,0,5,20,957,40,518,20,315,16,1,8
20,5,5,20,10,15,0,5,20,882,67,532,7,320,19,1,2
20,5,5,20,10,15,0,5,20,901,31,694,7,269,19,2,4
20,5,5,20,10,15,0,5,20,777,67,447,6,298,20,4,6
20,5,5,20,10,15,0,5,20,890,33,521,5,244,21,3,6
20,5,5,20,10,15,0,5,20,760,58,583,15,241,25,3,4
20,5,5,20,10,15,0,5,20,992,69,549,6,355,14,2,7
20,5,5,20,10,15,0,5,20,896,31,510,7,265,38,1,2
20,5,5,20,10,15,0,5,20,806,58,470,17,259,20,4,6
20,5,5,20,10,15,0,5,20,811,54,547,19,275,38,3,6
20,5,5,20,10,15,0,5,20,838,33,660,8,367,31,4,6
20,5,5,20,10,15,0,5,20,803,48,580,8,301,17,3,5
20,5,5,20,10,15,0,5,20,770,66,578,22,321,14,1,0
20,5,5,20,10,15,0,5,20,896,31,511,24,228,32,5,10
20,5,5,20,10,15,0,5,20,845,52,633,5,328,21,2,7
20,5,5,20,10,15,0,5,20,851,67,581,12,267,30,1,1
20,5,5,20,10,15,0,5,20,806,62,583,10,232,23,2,2
20,5,5,20,10,15,0,5,20,768,69,549,5,311,14,2,2
20,5,5,20,10,15,0,5,20,864,32,479,15,244,27,1,1
20,5,5,20,10,15,0,5,20,995,31,610,14,253,35,1,7
20,5,5,20,10,15,0,5,20,837,44,501,15,326,28,1,4
20,5,5,20,10,15,0,5,20,917,68,713,15,330,23,3,8
20,5,5,20,10,15,0,5,20,795,34,589,6,336,18,3,4
20,5,5,20,10,15,0,5,20,799,62,546,9,259,24,1,0
20,5,5,20,10,15,0,5,20,789,36,444,14,242,16,3,4
20,5,5,20,10,15,0,5,20,847,38,569,7,221,13,4,9
20,5,5,20,10,15,0,5,20,896,63,525,20,264,32,3,9
20,5,5,20,10,15,0,5,20,991,34,718,19,308,26,1,9
20,5,5,20,10,15,0,5,20,806,56,450,19,209,15,1,0
20,5,5,20,10,15,0,5,20,798,38,526,10,214,21,2,2
20,5,5,20,10,15,0,5,20,920,43,716,20,293,11,1,7
20,5,5,20,10,15,0,5,20,763,38,572,18,215,12,2,2
20,5,5,20,10,15,0,5,20,1013,31,571,23,362,10,1,6
20,5,5,20,10,15,0,5,20,767,36,557,8,240,20,5,8
20,5,5,20,10,15,0,5,20,816,46,569,16,285,12,1,2
20,5,5,20,10,15,0,5,20,810,48,452,11,259,29,2,3
20,5,5,20,10,15,0,5,20,872,66,612,18,269,36,2,5
20,5,5,20,10,15,0,5,20,885,53,482,21,240,16,3,10
20,5,5,20,10,15,0,5,20,837,40,581,13,340,22,4,9
20,5,5,20,10,15,0,5,20,826,32,551,5,335,38,2,2
20,5,5,20,10,15,0,5,20,817,53,492,24,204,24,1,2
20,5,5,20,10,15,0,5,20,885,37,525,20,226,19,4,10
20,5,5,20,10,15,0,5,20,1013,69,572,22,352,33,3,10
20,5,5,20,10,15,0,5,20,780,36,473,18,240,36,1,0
20,5,5,20,10,15,0,5,20,828,47,462,17,222,37,1,2
20,5,5,20,10,15,0,5,20,842,39,600,23,294,21,4,9
20,5,5,20,10,15,0,5,20,878,40,664,15,304,28,2,7
20,5,5,20,10,15,0,5,20,783,40,489,5,277,28,5,8
20,5,5,20,10,15,0,5,20,795,60,472,16,303,30,2,2
20,5,5,20,10,15,0,5,20,998,37,552,17,376,39,1,9
20,5,5,20,10,15,0,5,20,1012,64,750,19,401,39,1,10
20,5,5,20,10,15,0,5,20,759,47,444,20,240,13,3,4
20,5,5,20,10,15,0,5,20,955,67,567,12,357,38,2,8
20,5,5,20,10,15,0,5,20,874,66,684,24,269,36,2,4
20,5,5,20,10,15,0,5,20,915,61,513,22,228,24,3,9
20,5,5,20,10,15,0,5,20,866,67,574,15,252,34,2,5
20,5,5,20,10,15,0,5,20,782,64,531,14,246,37,5,8
20,5,5,20,10,15,0,5,20,763,51,464,17,292,15,5,8
20,5,5,20,10,15,0,5,20,890,65,582,11,326,33,1,4
20,5,5,20,10,15,0,5,20,812,64,508,11,249,18,4,6
20,5,5,20,10,15,0,5,20,853,64,474,8,297,37,5,9
20,5,5,20,10,15,0,5,20,840,64,481,10,315,13,5,8
20,5,5,20,10,15,0,5,20,916,44,710,24,327,26,1,8
20,5,5,20,10,15,0,5,20,782,36,510,19,226,26,1,0
20,5,5,20,10,15,0,5,20,881,32,526,8,223,28,2,4
20,5,5,20,10,15,0,5,20,866,46,526,16,309,24,3,10
20,5,5,20,10,15,0,5,20,990,31,704,22,280,31,2,9
20,5,5,20,10,15,0,5,20,800,52,570,24,203,28,4,7
20,5,5,20,10,15,0,5,20,822,68,490,17,310,18,3,4
20,5,5,20,10,15,0,5,20,788,62,593,7,202,32,2,2
20,5,5,20,10,15,0,5,20,966,56,686,24,408,30,2,14
20,5,5,20,10,15,0,5,20,1082,66,700,10,298,23,3,19
20,5,5,20,10,15,0,5,20,977,56,770,24,281,22,1,11
20,5,5,20,10,15,0,5,20,936,48,591,6,255,19,3,17
20,5,5,20,10,15,0,5,20,943,41,709,22,242,36,5,16
20,5,5,20,10,15,0,5,20,1031,66,650,15,295,30,3,17
20,5,5,20,10,15,0,5,20,929,41,540,5,298,15,5,15
20,5,5,20,10,15,0,5,20,1001,40,680,20,275,39,2,18
20,5,5,20,10,15,0,5,20,832,51,587,13,220,33,4,10
20,5,5,20,10,15,0,5,20,991,44,731,19,255,13,1,14
20,5,5,20,10,15,0,5,20,894,52,649,13,271,20,5,17
20,5,5,20,10,15,0,5,20,933,40,566,6,247,37,4,14
20,5,5,20,10,15,0,5,20,1009,50,764,20,406,26,1,19
20,5,5,20,10,15,0,5,20,982,43,596,14,252,38,2,16
20,5,5,20,10,15,0,5,20,903,61,549,12,310,38,4,13
20,5,5,20,10,15,0,5,20,890,52,510,14,265,22,3,12
20,5,5,20,10,15,0,5,20,1081,45,587,10,274,33,2,19
20,5,5,20,10,15,0,5,20,1168,34,679,17,430,30,2,19
20,5,5,20,10,15,0,5,20,919,67,587,12,284,34,4,11
20,5,5,20,10,15,0,5,20,1040,65,616,15,305,39,1,12
20,5,5,20,10,15,0,5,20,1224,32,938,11,422,24,1,15
20,5,5,20,10,15,0,5,20,819,54,556,23,317,27,5,11
20,5,5,20,10,15,0,5,20,1083,32,666,16,295,11,2,13
20,5,5,20,10,15,0,5,20,1129,66,691,10,308,33,3,20
20,5,5,20,10,15,0,5,20,1302,35,1020,19,378,10,1,20
20,5,5,20,10,15,0,5,20,1074,68,723,11,360,23,4,19
20,5,5,20,10,15,0,5,20,912,39,672,5,386,38,5,14
20,5,5,20,10,15,0,5,20,998,30,650,20,321,22,3,11
20,5,5,20,10,15,0,5,20,1207,68,830,5,330,12,1,16
20,5,5,20,10,15,0,5,20,934,36,640,13,258,15,2,10
20,5,5,20,10,15,0,5,20,1076,31,764,9,275,37,1,10
20,5,5,20,10,15,0,5,20,1135,32,853,8,387,19,3,16
20,5,5,20,10,15,0,5,20,1141,30,787,10,470,26,3,16
20,5,5,20,10,15,0,5,20,1166,31,790,24,328,39,3,19
20,5,5,20,10,15,0,5,20,1185,68,695,19,354,23,2,17
20,5,5,20,10,15,0,5,20,959,68,547,18,307,20,4,11
20,5,5,20,10,15,0,5,20,927,51,608,9,345,37,2,17
20,5,5,20,10,15,0,5,20,972,51,681,23,359,28,1,18
20,5,5,20,10,15,0,5,20,963,50,633,6,240,21,1,17
20,5,5,20,10,15,0,5,20,1166,34,708,13,424,19,1,18
20,5,5,20,10,15,0,5,20,852,37,644,17,366,10,5,10
20,5,5,20,10,15,0,5,20,906,62,660,21,383,34,4,12
20,5,5,20,10,15,0,5,20,996,63,608,22,266,20,5,18
20,5,5,20,10,15,0,5,20,1004,63,563,23,356,11,5,17
20,5,5,20,10,15,0,5,20,1046,32,773,6,299,32,5,17
20,5,5,20,10,15,0,5,20,1065,64,783,7,318,26,2,15
20,5,5,20,10,15,0,5,20,1029,60,799,13,447,39,4,18
20,5,5,20,10,15,0,5,20,900,43,493,23,296,13,5,15
20,5,5,20,10,15,0,5,20,969,56,604,8,243,28,3,17
20,5,5,20,10,15,0,5,20,1066,67,619,8,371,37,1,11
20,5,5,20,10,15,0,5,20,1032,54,738,9,416,10,1,19
20,5,5,20,10,15,0,5,20,954,38,710,8,358,14,5,17
20,5,5,20,10,15,0,5,20,938,48,739,11,405,30,2,12
20,5,5,20,10,15,0,5,20,991,44,725,8,313,17,4,20
20,5,5,20,10,15,0,5,20,1124,68,629,12,363,13,1,11
20,5,5,20,10,15,0,5,20,1224,68,736,12,312,14,1,17
20,5,5,20,10,15,0,5,20,900,47,593,15,346,37,1,13
20,5,5,20,10,15,0,5,20,1149,69,675,7,440,18,1,12
20,5,5,20,10,15,0,5,20,841,60,559,7,284,24,5,11
20,5,5,20,10,15,0,5,20,997,30,677,17,342,17,3,11
20,5,5,20,10,15,0,5,20,1110,32,805,9,291,31,2,14
20,5,5,20,10,15,0,5,20,966,54,584,17,288,24,2,17
20,5,5,20,10,15,0,5,20,996,60,642,24,292,28,3,18
20,5,5,20,10,15,0,5,20,1063,67,704,21,432,24,1,12
20,5,5,20,10,15,0,5,20,1209,31,898,8,512,25,4,20
20,5,5,20,10,15,0,5,20,1126,56,633,6,290,28,1,20
20,5,5,20,10,15,0,5,20,1049,32,745,19,447,10,4,16
20,5,5,20,10,15,0,5,20,994,61,613,21,395,15,1,12
20,5,5,20,10,15,0,5,20,1022,37,623,23,401,17,4,17
20,5,5,20,10,15,0,5,20,1101,33,636,21,286,35,1,11
20,5,5,20,10,15,0,5,20,968,35,718,12,260,22,2,10
20,5,5,20,10,15,0,5,20,1057,32,791,14,314,34,2,11
20,5,5,20,10,15,0,5,20,914,43,645,13,360,38,5,18
20,5,5,20,10,15,0,5,20,1005,62,788,24,402,20,2,11
20,5,5,20,10,15,0,5,20,941,69,584,13,244,30,5,13
20,5,5,20,10,15,0,5,20,1013,42,769,12,308,27,2,16
20,5,5,20,10,15,0,5,20,1017,34,620,8,338,17,3,15
20,5,5,20,10,15,0,5,20,1006,65,666,19,349,36,2,14
20,5,5,20,10,15,0,5,20,1062,36,665,24,393,25,3,20
20,5,5,20,10,15,0,5,20,976,56,693,14,280,16,3,20
20,5,5,20,10,15,0,5,20,1066,69,772,10,417,25,4,16
20,5,5,20,10,15,0,5,20,911,64,528,22,240,17,5,13
20,5,5,20,10,15,0,5,20,1058,66,637,19,286,15,2,13
20,5,5,20,10,15,0,5,20,944,63,572,19,354,22,4,14
20,5,5,20,10,15,0,5,20,1185,66,845,8,430,38,1,19
20,5,5,20,10,15,0,5,20,1082,33,701,23,432,13,2,15
20,5,5,20,10,15,0,5,20,943,55,728,23,314,25,1,12
20,5,5,20,10,15,0,5,20,929,64,578,12,303,32,3,11
20,5,5,20,10,15,0,5,20,1179,69,697,16,353,32,3,18
20,5,5,20,10,15,0,5,20,923,50,610,10,335,31,2,18
20,5,5,20,10,15,0,5,20,944,56,631,22,389,26,3,16
20,5,5,20,10,15,0,5,20,1112,32,768,22,338,20,4,19
20,5,5,20,10,15,0,5,20,1039,38,696,18,275,24,1,16
20,5,5,20,10,15,0,5,20,1100,66,858,10,370,20,5,20
20,5,5,20,10,15,0,5,20,1193,69,724,23,465,20,1,13
20,5,5,20,10,15,0,5,20,966,62,553,16,274,10,2,11
20,5,5,20,10,15,0,5,20,925,65,683,16,314,22,4,12
20,5,5,20,10,15,0,5,20,946,53,558,18,331,32,2,15
20,5,5,20,10,15,0,5,20,937,50,739,22,246,30,2,12
20,5,5,20,10,15,0,5,20,917,38,535,9,238,24,4,12
20,5,5,20,10,15,0,5,20,1146,36,759,8,310,13,3,25
20,5,5,20,10,15,0,5,20,1174,40,723,17,306,25,1,26
20,5,5,20,10,15,0,5,20,1213,64,675,17,303,23,3,21
20,5,5,20,10,15,0,5,20,1363,34,1068,23,348,31,5,27
20,5,5,20,10,15,0,5,20,995,48,599,24,302,35,5,26
20,5,5,20,10,15,0,5,20,1316,68,830,23,386,35,4,27
20,5,5,20,10,15,0,5,20,1175,39,642,19,391,20,4,28
20,5,5,20,10,15,0,5,20,1080,49,813,9,360,39,4,30
20,5,5,20,10,15,0,5,20,1370,66,759,21,342,22,3,25
20,5,5,20,10,15,0,5,20,1064,48,593,21,304,21,1,20
20,5,5,20,10,15,0,5,20,1356,33,787,13,503,25,4,30
20,5,5,20,10,15,0,5,20,1049,39,742,7,319,32,3,20
20,5,5,20,10,15,0,5,20,1141,52,676,19,418,20,1,30
20,5,5,20,10,15,0,5,20,1198,60,699,10,389,16,1,25
20,5,5,20,10,15,0,5,20,1034,38,622,9,338,33,5,21
20,5,5,20,10,15,0,5,20,953,48,739,18,390,27,5,20
20,5,5,20,10,15,0,5,20,1061,32,666,14,330,22,5,20
20,5,5,20,10,15,0,5,20,1564,32,1223,11,461,26,1,25
20,5,5,20,10,15,0,5,20,1547,35,870,11,405,15,1,30
20,5,5,20,10,15,0,5,20,959,46,717,16,268,33,5,21
20,5,5,20,10,15,0,5,20,1201,58,889,21,389,33,1,29
20,5,5,20,10,15,0,5,20,1430,34,793,15,375,39,1,25
20,5,5,20,10,15,0,5,20,1294,31,701,17,486,14,4,21
20,5,5,20,10,15,0,5,20,925,46,627,14,297,21,5,22
20,5,5,20,10,15,0,5,20,1238,42,682,13,370,38,2,28
20,5,5,20,10,15,0,5,20,1288,31,997,16,516,32,5,24
20,5,5,20,10,15,0,5,20,1149,31,783,6,382,37,4,22
20,5,5,20,10,15,0,5,20,1644,30,1138,23,627,33,1,28
20,5,5,20,10,15,0,5,20,1207,34,812,21,389,25,4,30
20,5,5,20,10,15,0,5,20,1228,69,687,17,468,32,5,22
20,5,5,20,10,15,0,5,20,1191,38,781,23,325,39,4,30
20,5,5,20,10,15,0,5,20,1369,31,923,17,531,29,3,30
20,5,5,20,10,15,0,5,20,1097,38,720,10,430,32,2,22
20,5,5,20,10,15,0,5,20,969,50,648,22,255,30,4,26
20,5,5,20,10,15,0,5,20,1133,34,771,10,358,27,3,22
20,5,5,20,10,15,0,5,20,1150,69,823,9,312,18,5,20
20,5,5,20,10,15,0,5,20,1067,36,668,12,408,15,5,23
20,5,5,20,10,15,0,5,20,1074,62,699,23,326,29,3,23
20,5,5,20,10,15,0,5,20,1130,37,725,17,395,17,3,26
20,5,5,20,10,15,0,5,20,1194,34,864,5,406,13,4,24
20,5,5,20,10,15,0,5,20,1177,59,902,12,302,29,2,25
20,5,5,20,10,15,0,5,20,1646,69,1283,15,662,26,2,27
20,5,5,20,10,15,0,5,20,1070,46,715,10,324,35,2,29
20,5,5,20,10,15,0,5,20,1440,30,945,10,425,38,1,25
20,5,5,20,10,15,0,5,20,1277,69,924,23,401,30,3,23
20,5,5,20,10,15,0,5,20,1272,69,765,8,419,34,4,23
20,5,5,20,10,15,0,5,20,1111,46,877,12,441,37,5,30
20,5,5,20,10,15,0,5,20,1123,59,700,24,337,10,1,22
20,5,5,20,10,15,0,5,20,1679,33,966,21,607,10,2,30
20,5,5,20,10,15,0,5,20,966,47,670,24,260,20,5,23
20,5,5,20,10,15,0,5,20,1239,53,976,5,514,28,2,29
20,5,5,20,10,15,0,5,20,1389,34,788,16,452,32,1,26
20,5,5,20,10,15,0,5,20,1111,65,662,20,421,18,5,24
20,5,5,20,10,15,0,5,20,1283,41,964,24,541,33,3,30
20,5,5,20,10,15,0,5,20,1386,32,1019,5,509,36,3,26
20,5,5,20,10,15,0,5,20,959,46,592,5,364,18,5,23
20,5,5,20,10,15,0,5,20,1379,31,799,23,450,38,5,29
20,5,5,20,10,15,0,5,20,1531,68,1199,14,539,34,3,30
20,5,5,20,10,15,0,5,20,1020,51,558,14,292,13,4,24
20,5,5,20,10,15,0,5,20,1220,65,855,8,314,14,1,21
20,5,5,20,10,15,0,5,20,1413,32,1033,6,535,39,2,25
20,5,5,20,10,15,0,5,20,1262,67,710,9,487,17,4,22
20,5,5,20,10,15,0,5,20,1545,30,1171,7,458,17,1,22
20,5,5,20,10,15,0,5,20,1203,66,709,21,475,10,5,25
20,5,5,20,10,15,0,5,20,1128,64,751,21,440,39,1,20
20,5,5,20,10,15,0,5,20,1207,66,877,13,489,35,4,25
20,5,5,20,10,15,0,5,20,969,46,660,6,354,28,3,21
20,5,5,20,10,15,0,5,20,1162,46,636,5,416,27,3,29
20,5,5,20,10,15,0,5,20,1208,62,695,18,305,21,5,29
20,5,5,20,10,15,0,5,20,1746,69,1272,21,497,38,1,28
20,5,5,20,10,15,0,5,20,1109,52,618,11,303,39,2,25
20,5,5,20,10,15,0,5,20,1231,67,693,23,345,33,5,23
20,5,5,20,10,15,0,5,20,1127,37,863,6,338,15,5,24
20,5,5,20,10,15,0,5,20,950,56,679,6,320,13,5,20
20,5,5,20,10,15,0,5,20,1204,68,881,24,425,37,5,24
20,5,5,20,10,15,0,5,20,1174,69,883,24,358,20,5,20
20,5,5,20,10,15,0,5,20,1106,44,649,24,383,26,3,26
20,5,5,20,10,15,0,5,20,1078,44,830,12,394,38,3,24
20,5,5,20,10,15,0,5,20,1097,49,653,15,428,20,1,28
20,5,5,20,10,15,0,5,20,1101,59,777,14,334,27,4,30
20,5,5,20,10,15,0,5,20,1272,37,936,16,515,17,3,29
20,5,5,20,10,15,0,5,20,1115,60,733,11,295,28,1,23
20,5,5,20,10,15,0,5,20,1479,69,877,11,567,21,2,27
20,5,5,20,10,15,0,5,20,1110,37,737,17,453,36,4,26
20,5,5,20,10,15,0,5,20,1432,32,849,7,513,17,2,27
20,5,5,20,10,15,0,5,20,1097,45,780,14,288,37,4,30
20,5,5,20,10,15,0,5,20,1261,37,868,6,515,29,2,29
20,5,5,20,10,15,0,5,20,1165,66,917,13,425,19,5,22
20,5,5,20,10,15,0,5,20,1101,46,801,16,275,25,1,26
20,5,5,20,10,15,0,5,20,1557,68,1120,6,413,13,3,30
20,5,5,20,10,15,0,5,20,1083,65,770,11,342,18,4,21
20,5,5,20,10,15,0,5,20,1128,60,787,11,460,37,3,26
20,5,5,20,10,15,0,5,20,1457,67,1118,15,608,24,1,26
20,5,5,20,10,15,0,5,20,1040,48,770,18,293,24,2,23
20,5,5,20,10,15,0,5,20,917,50,649,21,275,35,4,20
20,5,5,20,10,15,0,5,20,1352,67,875,10,366,14,3,30
20,5,5,20,10,15,0,5,20,1328,37,1027,13,337,33,1,26
20,5,5,20,10,15,0,5,20,1130,49,637,22,302,14,1,25
20,5,5,20,10,15,0,5,20,1158,65,737,14,339,37,2,22
20,5,5,20,10,15,0,5,20,1053,36,675,15,315,37,5,24
20,5,5,20,10,15,0,5,20,1364,64,989,5,446,30,3,34
20,5,5,20,10,15,0,5,20,1613,63,881,12,593,17,2,36
20,5,5,20,10,15,0,5,20,1628,69,1009,13,443,39,2,31
20,5,5,20,10,15,0,5,20,1269,42,908,5,343,37,5,39
20,5,5,20,10,15,0,5,20,1473,37,849,13,564,32,2,37
20,5,5,20,10,15,0,5,20,1330,48,1034,14,335,39,1,38
20,5,5,20,10,15,0,5,20,1252,59,773,13,334,38,1,31
20,5,5,20,10,15,0,5,20,1267,46,956,13,403,37,2,40
20,5,5,20,10,15,0,5,20,1697,34,938,5,613,25,3,33
20,5,5,20,10,15,0,5,20,1788,31,1364,5,551,22,4,32
20,5,5,20,10,15,0,5,20,1230,44,777,10,380,22,2,38
20,5,5,20,10,15,0,5,20,1504,66,862,23,547,31,5,37
20,5,5,20,10,15,0,5,20,1330,40,987,7,334,26,2,32
20,5,5,20,10,15,0,5,20,1170,56,808,11,299,35,2,32
20,5,5,20,10,15,0,5,20,1269,58,755,24,405,24,4,39
20,5,5,20,10,15,0,5,20,1153,62,717,13,364,23,5,31
20,5,5,20,10,15,0,5,20,1691,67,975,11,617,22,5,39
20,5,5,20,10,15,0,5,20,1473,39,805,15,451,35,2,38
20,5,5,20,10,15,0,5,20,1393,33,1005,20,424,35,5,35
20,5,5,20,10,15,0,5,20,1473,36,864,21,560,23,2,34
20,5,5,20,10,15,0,5,20,1511,34,890,6,463,30,3,34
20,5,5,20,10,15,0,5,20,1504,34,1061,7,594,35,1,32
20,5,5,20,10,15,0,5,20,1127,48,661,22,285,32,3,30
20,5,5,20,10,15,0,5,20,1674,68,947,17,474,20,4,34
20,5,5,20,10,15,0,5,20,1191,56,695,20,400,17,3,33
20,5,5,20,10,15,0,5,20,1136,43,812,9,434,20,4,32
20,5,5,20,10,15,0,5,20,1764,36,1024,18,629,39,2,40
20,5,5,20,10,15,0,5,20,1188,61,764,16,436,26,4,34
20,5,5,20,10,15,0,5,20,1071,47,696,16,366,38,5,36
20,5,5,20,10,15,0,5,20,1778,66,1003,24,562,10,1,31
20,5,5,20,10,15,0,5,20,1314,67,848,10,473,14,4,32
20,5,5,20,10,15,0,5,20,1182,51,912,5,373,18,5,38
20,5,5,20,10,15,0,5,20,1639,31,983,20,505,31,5,37
20,5,5,20,10,15,0,5,20,1071,46,619,13,312,18,5,30
20,5,5,20,10,15,0,5,20,1662,32,1301,17,731,22,4,30
20,5,5,20,10,15,0,5,20,1069,50,710,12,293,31,4,37
20,5,5,20,10,15,0,5,20,1270,40,882,6,441,27,1,34
20,5,5,20,10,15,0,5,20,1161,46,760,7,473,29,3,36
20,5,5,20,10,15,0,5,20,1635,67,961,23,423,32,3,33
20,5,5,20,10,15,0,5,20,1190,49,676,6,432,31,5,39
20,5,5,20,10,15,0,5,20,1766,32,1237,6,480,33,2,35
20,5,5,20,10,15,0,5,20,1155,53,800,10,360,13,2,37
20,5,5,20,10,15,0,5,20,1480,64,1101,16,637,33,3,37
20,5,5,20,10,15,0,5,20,1112,42,712,22,385,33,4,30
20,5,5,20,10,15,0,5,20,1613,66,970,6,495,12,4,38
20,5,5,20,10,15,0,5,20,1510,68,917,23,430,16,3,33
20,5,5,20,10,15,0,5,20,1308,58,807,7,411,36,1,37
20,5,5,20,10,15,0,5,20,1045,51,671,15,264,17,5,35
20,5,5,20,10,15,0,5,20,1340,35,956,6,546,22,5,34
20,5,5,20,10,15,0,5,20,1240,39,816,8,409,32,5,40
20,5,5,20,10,15,0,5,20,1294,44,765,5,328,19,1,33
20,5,5,20,10,15,0,5,20,1448,36,1026,18,407,34,1,36
20,5,5,20,10,15,0,5,20,1142,57,664,11,359,15,5,33
20,5,5,20,10,15,0,5,20,1716,68,968,24,443,20,5,34
20,5,5,20,10,15,0,5,20,1203,44,885,13,332,39,2,32
20,5,5,20,10,15,0,5,20,1794,67,1065,15,548,12,3,39
20,5,5,20,10,15,0,5,20,1389,66,877,5,473,27,4,35
20,5,5,20,10,15,0,5,20,1180,54,889,15,417,11,1,31
20,5,5,20,10,15,0,5,20,1151,52,696,13,395,37,4,40
20,5,5,20,10,15,0,5,20,1569,30,961,10,559,15,5,35
20,5,5,20,10,15,0,5,20,1156,63,711,17,348,27,5,30
20,5,5,20,10,15,0,5,20,1245,37,844,17,311,10,3,30
20,5,5,20,10,15,0,5,20,1753,36,1352,20,754,29,2,34
20,5,5,20,10,15,0,5,20,1712,35,1209,22,463,15,2,39
20,5,5,20,10,15,0,5,20,1316,42,948,19,487,16,1,37
20,5,5,20,10,15,0,5,20,1183,39,732,18,432,33,5,34
20,5,5,20,10,15,0,5,20,1098,50,805,9,415,33,2,30
20,5,5,20,10,15,0,5,20,1089,51,688,13,358,24,2,33
20,5,5,20,10,15,0,5,20,1080,53,700,24,323,10,5,34
20,5,5,20,10,15,0,5,20,1386,63,829,18,434,28,2,36
20,5,5,20,10,15,0,5,20,1741,34,988,10,543,33,2,36
20,5,5,20,10,15,0,5,20,1459,61,1117,24,528,14,4,40
20,5,5,20,10,15,0,5,20,1721,66,1234,5,519,31,1,35
20,5,5,20,10,15,0,5,20,1446,59,1123,22,396,17,2,38
20,5,5,20,10,15,0,5,20,1469,66,991,12,510,16,2,40
20,5,5,20,10,15,0,5,20,1594,34,1197,6,677,31,2,31
20,5,5,20,10,15,0,5,20,1182,56,756,16,331,38,1,32
20,5,5,20,10,15,0,5,20,1235,47,697,7,477,35,1,30
20,5,5,20,10,15,0,5,20,1195,44,838,5,457,14,5,38
20,5,5,20,10,15,0,5,20,1216,61,755,13,359,29,4,34
20,5,5,20,10,15,0,5,20,1509,34,1191,21,455,39,3,30
20,5,5,20,10,15,0,5,20,1652,65,954,24,419,31,3,35
20,5,5,20,10,15,0,5,20,1198,49,678,9,363,22,1,32
20,5,5,20,10,15,0,5,20,1227,43,727,24,441,20,3,34
20,5,5,20,10,15,0,5,20,1655,30,1137,20,584,12,5,39
20,5,5,20,10,15,0,5,20,1300,43,992,17,537,30,2,35
20,5,5,20,10,15,0,5,20,1165,52,835,12,486,20,2,35
20,5,5,20,10,15,0,5,20,1113,50,708,13,445,38,1,32
20,5,5,20,10,15,0,5,20,1276,64,890,19,456,15,4,35
20,5,5,20,10,15,0,5,20,1346,35,783,24,469,31,4,32
20,5,5,20,10,15,0,5,20,1206,42,696,23,323,22,4,31
20,5,5,20,10,15,0,5,20,1576,62,1244,9,656,15,5,39
20,5,5,20,10,15,0,5,20,1243,48,712,5,312,22,1,32
20,5,5,20,10,15,0,5,20,1217,44,840,11,330,34,2,37
20,5,5,20,10,15,0,5,20,1185,43,818,13,298,33,2,34
20,5,5,20,10,15,0,5,20,1152,46,855,17,416,30,5,38
20,5,5,20,10,15,0,5,20,1563,68,1130,21,542,28,1,31
20,5,5,20,10,15,0,5,20,1246,37,857,6,392,11,5,35
20,5,5,20,10,15,0,5,20,1320,66,958,6,357,26,5,31
20,5,5,20,10,15,0,5,20,1095,46,815,18,336,29,4,32
20,5,5,20,10,15,0,5,20,1683,36,1033,22,528,11,4,46
20,5,5,20,10,15,0,5,20,1485,37,932,21,537,20,3,46
20,5,5,20,10,15,0,5,20,1230,45,807,7,379,25,1,40
20,5,5,20,10,15,0,5,20,1261,52,833,16,335,11,1,47
20,5,5,20,10,15,0,5,20,1482,46,1140,9,514,33,1,50
20,5,5,20,10,15,0,5,20,1196,52,757,16,387,32,4,47
20,5,5,20,10,15,0,5,20,1437,55,1125,17,439,17,4,50
20,5,5,20,10,15,0,5,20,1349,44,865,22,386,27,1,46
20,5,5,20,10,15,0,5,20,1682,40,983,11,620,17,2,47
20,5,5,20,10,15,0,5,20,1777,65,1280,19,558,25,2,44
20,5,5,20,10,15,0,5,20,1735,40,1271,12,667,24,1,49
20,5,5,20,10,15,0,5,20,1299,47,915,6,344,24,1,43
20,5,5,20,10,15,0,5,20,1573,35,1068,20,400,26,3,43
20,5,5,20,10,15,0,5,20,1407,55,835,11,499,24,1,48
20,5,5,20,10,15,0,5,20,1676,40,1326,20,621,37,2,41
20,5,5,20,10,15,0,5,20,1481,47,1113,6,541,11,1,50
20,5,5,20,10,15,0,5,20,1760,61,1300,24,454,12,3,45
20,5,5,20,10,15,0,5,20,1417,59,883,16,437,12,2,48
20,5,5,20,10,15,0,5,20,1662,38,988,6,495,23,3,45
20,5,5,20,10,15,0,5,20,1277,45,888,5,459,28,1,41
20,5,5,20,10,15,0,5,20,1664,68,1091,10,519,26,3,40
20,5,5,20,10,15,0,5,20,1269,48,819,7,508,22,3,48
20,5,5,20,10,15,0,5,20,1536,67,1045,22,483,33,5,44
20,5,5,20,10,15,0,5,20,1664,66,1098,16,681,16,2,42
20,5,5,20,10,15,0,5,20,1388,44,1050,9,362,27,2,42
20,5,5,20,10,15,0,5,20,1655,38,1031,9,441,25,2,47
20,5,5,20,10,15,0,5,20,1435,58,1110,19,497,33,3,45
20,5,5,20,10,15,0,5,20,1209,56,859,14,399,18,4,43
20,5,5,20,10,15,0,5,20,1191,49,836,9,387,17,3,43
20,5,5,20,10,15,0,5,20,1359,40,964,7,505,30,5,46
20,5,5,20,10,15,0,5,20,1589,60,1251,19,490,31,2,42
20,5,5,20,10,15,0,5,20,1666,40,944,15,435,23,3,48
20,5,5,20,10,15,0,5,20,1751,62,1115,8,709,20,2,49
20,5,5,20,10,15,0,5,20,1470,43,920,24,404,32,1,48
20,5,5,20,10,15,0,5,20,1702,41,1344,14,711,39,2,42
20,5,5,20,10,15,0,5,20,1402,40,1021,16,460,10,5,48
20,5,5,20,10,15,0,5,20,1555,36,1128,16,624,15,5,45
20,5,5,20,10,15,0,5,20,1778,35,1028,18,624,21,4,44
20,5,5,20,10,15,0,5,20,1395,43,781,16,515,20,2,42
20,5,5,20,10,15,0,5,20,1638,63,1037,16,451,24,2,48
20,5,5,20,10,15,0,5,20,1231,52,954,9,325,16,5,40
20,5,5,20,10,15,0,5,20,1768,41,1391,14,579,38,2,47
20,5,5,20,10,15,0,5,20,1497,59,1101,10,441,19,1,46
20,5,5,20,10,15,0,5,20,1745,35,1225,23,608,16,1,41
20,5,5,20,10,15,0,5,20,1659,66,1066,10,579,10,3,43
20,5,5,20,10,15,0,5,20,1416,38,939,17,383,31,4,49
20,5,5,20,10,15,0,5,20,1433,38,954,7,471,36,2,45
20,5,5,20,10,15,0,5,20,1681,39,966,10,457,23,4,47
20,5,5,20,10,15,0,5,20,1286,52,902,20,494,20,3,50
20,5,5,20,10,15,0,5,20,1748,63,1224,5,701,12,5,50
20,5,5,20,10,15,0,5,20,1613,42,905,16,444,24,1,46
20,5,5,20,10,15,0,5,20,1372,45,986,14,531,32,1,47
20,5,5,20,10,15,0,5,20,1298,54,965,21,519,12,5,45
20,5,5,20,10,15,0,5,20,1171,56,833,15,438,20,5,41
20,5,5,20,10,15,0,5,20,1369,56,780,14,428,29,2,44
20,5,5,20,10,15,0,5,20,1503,57,919,5,598,22,2,50
20,5,5,20,10,15,0,5,20,1710,58,941,9,651,16,2,45
20,5,5,20,10,15,0,5,20,1425,48,792,12,490,15,1,50
20,5,5,20,10,15,0,5,20,1614,34,994,20,600,22,4,42
20,5,5,20,10,15,0,5,20,1248,52,840,14,477,32,1,47
20,5,5,20,10,15,0,5,20,1795,60,1043,9,479,34,3,48
20,5,5,20,10,15,0,5,20,1729,32,1203,17,718,22,5,42
20,5,5,20,10,15,0,5,20,1454,36,973,14,393,21,2,43
20,5,5,20,10,15,0,5,20,1497,40,1083,24,600,13,5,50
20,5,5,20,10,15,0,5,20,1425,35,927,22,483,11,4,42
20,5,5,20,10,15,0,5,20,1270,45,891,6,477,37,3,41
20,5,5,20,10,15,0,5,20,1196,43,741,19,406,19,5,40
20,5,5,20,10,15,0,5,20,1626,63,1043,21,486,30,1,46
20,5,5,20,10,15,0,5,20,1690,62,1285,14,509,17,4,48
20,5,5,20,10,15,0,5,20,1732,38,1357,21,541,38,4,43
20,5,5,20,10,15,0,5,20,1725,64,1167,7,636,31,2,47
20,5,5,20,10,15,0,5,20,1399,47,804,14,368,36,1,46
20,5,5,20,10,15,0,5,20,1699,60,1316,5,442,10,2,40
20,5,5,20,10,15,0,5,20,1204,51,735,21,353,32,2,40
20,5,5,20,10,15,0,5,20,1221,55,826,6,421,34,5,45
20,5,5,20,10,15,0,5,20,1290,53,770,7,478,24,3,44
20,5,5,20,10,15,0,5,20,1444,56,1121,19,377,33,3,45
20,5,5,20,10,15,0,5,20,1716,38,970,5,453,38,5,43
20,5,5,20,10,15,0,5,20,1628,59,1007,7,452,38,2,50
20,5,5,20,10,15,0,5,20,1663,35,1282,12,519,10,5,41
20,5,5,20,10,15,0,5,20,1553,66,1099,23,658,18,5,40
20,5,5,20,10,15,0,5,20,1207,50,698,11,360,34,3,40
20,5,5,20,10,15,0,5,20,1536,34,1004,7,494,25,1,40
20,5,5,20,10,15,0,5,20,1612,37,1236,20,454,11,4,40
20,5,5,20,10,15,0,5,20,1519,63,1106,10,543,28,3,43
20,5,5,20,10,15,0,5,20,1534,46,1199,6,612,35,4,50
20,5,5,20,10,15,0,5,20,1402,40,893,20,515,14,2,45
20,5,5,20,10,15,0,5,20,1342,49,1044,14,410,34,1,44
20,5,5,20,10,15,0,5,20,1276,55,811,6,398,13,3,44
20,5,5,20,10,15,0,5,20,1458,43,1117,19,591,33,4,47
20,5,5,20,10,15,0,5,20,1596,35,1040,8,653,12,2,40
20,5,5,20,10,15,0,5,20,1289,45,968,17,418,22,3,44
20,5,5,20,10,15,0,5,20,1297,47,925,21,454,33,3,49
20,5,5,20,10,15,0,5,20,1539,57,867,11,469,22,2,49
20,5,5,20,10,15,0,5,20,1688,56,924,9,523,39,1,46
20,5,5,20,10,15,0,5,20,1248,55,778,5,354,14,5,42
20,5,5,20,10,15,0,5,20,1547,62,912,16,546,39,5,49
20,5,5,20,10,15,0,5,20,1566,61,1017,10,570,33,1,50
20,5,5,20,10,15,0,5,20,1797,41,1372,8,679,33,1,46
20,5,5,20,10,15,0,5,20,1423,51,807,8,413,28,1,49
20,5,5,20,10,15,0,5,20,1535,37,1006,14,466,31,3,53
20,5,5,20,10,15,0,5,20,1576,38,990,9,524,13,5,53
20,5,5,20,10,15,0,5,20,1491,47,815,6,379,33,4,50
20,5,5,20,10,15,0,5,20,1690,42,1235,23,471,18,2,51
20,5,5,20,10,15,0,5,20,1661,65,1108,10,535,37,5,53
20,5,5,20,10,15,0,5,20,1363,50,777,20,399,34,2,50
20,5,5,20,10,15,0,5,20,1539,58,991,14,564,13,1,58
20,5,5,20,10,15,0,5,20,1463,47,820,14,546,22,4,58
20,5,5,20,10,15,0,5,20,1576,53,1243,8,598,10,4,53
20,5,5,20,10,15,0,5,20,1487,57,1106,13,573,25,1,50
20,5,5,20,10,15,0,5,20,1709,61,1067,8,516,24,2,52
20,5,5,20,10,15,0,5,20,1652,49,1302,12,432,37,1,54
20,5,5,20,10,15,0,5,20,1604,43,1067,6,405,37,1,55
20,5,5,20,10,15,0,5,20,1566,44,1088,6,397,22,2,57
20,5,5,20,10,15,0,5,20,1466,52,804,12,491,26,1,52
20,5,5,20,10,15,0,5,20,1533,61,1087,21,566,38,4,50
20,5,5,20,10,15,0,5,20,1625,61,1076,5,512,31,2,52
20,5,5,20,10,15,0,5,20,1464,43,939,22,555,12,5,59
20,5,5,20,10,15,0,5,20,1544,56,1132,14,572,16,3,60
20,5,5,20,10,15,0,5,20,1353,51,926,21,534,30,3,59
20,5,5,20,10,15,0,5,20,1445,54,1139,17,521,16,5,53
20,5,5,20,10,15,0,5,20,1495,58,1022,10,414,39,1,52
20,5,5,20,10,15,0,5,20,1646,50,921,17,637,17,1,60
20,5,5,20,10,15,0,5,20,1524,56,1071,22,532,13,2,58
20,5,5,20,10,15,0,5,20,1460,46,899,15,383,38,2,57
20,5,5,20,10,15,0,5,20,1722,63,1224,17,649,16,4,51
20,5,5,20,10,15,0,5,20,1435,43,1034,18,469,21,3,55
20,5,5,20,10,15,0,5,20,1385,50,1056,20,463,25,2,56
20,5,5,20,10,15,0,5,20,1792,63,1293,22,715,35,5,50
20,5,5,20,10,15,0,5,20,1334,45,907,15,491,21,1,53
20,5,5,20,10,15,0,5,20,1494,45,1028,6,447,18,1,59
20,5,5,20,10,15,0,5,20,1673,61,1133,6,521,20,4,58
20,5,5,20,10,15,0,5,20,1707,56,1239,10,525,34,1,58
20,5,5,20,10,15,0,5,20,1413,47,1071,16,368,15,4,53
20,5,5,20,10,15,0,5,20,1436,56,876,15,371,35,5,57
20,5,5,20,10,15,0,5,20,1655,45,1219,7,477,32,1,54
20,5,5,20,10,15,0,5,20,1655,42,1011,23,636,34,1,51
20,5,5,20,10,15,0,5,20,1757,38,1191,16,459,16,2,53
20,5,5,20,10,15,0,5,20,1716,46,961,21,445,32,2,53
20,5,5,20,10,15,0,5,20,1521,58,981,16,408,32,1,56
20,5,5,20,10,15,0,5,20,1411,44,1056,16,442,14,3,50
20,5,5,20,10,15,0,5,20,1378,50,983,18,580,36,2,56
20,5,5,20,10,15,0,5,20,1683,57,938,21,553,30,2,51
20,5,5,20,10,15,0,5,20,1352,46,882,16,425,38,1,54
20,5,5,20,10,15,0,5,20,1345,55,898,14,378,26,2,55
20,5,5,20,10,15,0,5,20,1705,38,1072,17,669,29,3,52
20,5,5,20,10,15,0,5,20,1382,50,873,23,368,10,4,60
20,5,5,20,10,15,0,5,20,1454,47,1105,10,547,33,4,56
20,5,5,20,10,15,0,5,20,1416,57,981,9,475,35,2,53
20,5,5,20,10,15,0,5,20,1439,43,903,16,363,25,3,55
20,5,5,20,10,15,0,5,20,1273,50,749,11,386,27,4,51
20,5,5,20,10,15,0,5,20,1560,55,899,22,582,14,3,55
20,5,5,20,10,15,0,5,20,1659,53,1266,8,717,23,1,51
20,5,5,20,10,15,0,5,20,1720,38,1240,19,682,13,5,52
20,5,5,20,10,15,0,5,20,1539,62,1092,11,565,27,4,51
20,5,5,20,10,15,0,5,20,1761,59,1076,11,562,32,3,59
20,5,5,20,10,15,0,5,20,1725,61,1243,17,579,34,5,58
20,5,5,20,10,15,0,5,20,1687,63,1146,16,572,35,5,60
20,5,5,20,10,15,0,5,20,1529,43,974,23,554,27,1,55
20,5,5,20,10,15,0,5,20,1742,57,1341,11,508,25,4,57
20,5,5,20,10,15,0,5,20,1414,47,946,6,507,20,1,59
20,5,5,20,10,15,0,5,20,1704,36,1087,10,513,18,4,50
20,5,5,20,10,15,0,5,20,1457,57,1085,17,538,17,5,54
20,5,5,20,10,15,0,5,20,1458,50,1110,22,553,35,1,53
20,5,5,20,10,15,0,5,20,1709,58,1344,10,711,28,5,50
20,5,5,20,10,15,0,5,20,1667,63,1133,22,469,12,4,50
20,5,5,20,10,15,0,5,20,1477,39,986,15,466,14,2,54
20,5,5,20,10,15,0,5,20,1481,56,1120,8,386,19,5,53
20,5,5,20,10,15,0,5,20,1451,56,1030,5,504,12,4,56
20,5,5,20,10,15,0,5,20,1641,56,1009,5,586,12,1,55
20,5,5,20,10,15,0,5,20,1709,47,1351,11,662,17,2,54
20,5,5,20,10,15,0,5,20,1607,60,1161,13,629,38,4,53
20,5,5,20,10,15,0,5,20,1676,49,915,10,438,22,1,54
20,5,5,20,10,15,0,5,20,1435,44,1062,6,487,17,5,55
20,5,5,20,10,15,0,5,20,1359,48,850,11,518,31,1,52
20,5,5,20,10,15,0,5,20,1416,54,801,17,525,20,3,50
20,5,5,20,10,15,0,5,20,1758,43,1017,8,686,33,3,53
20,5,5,20,10,15,0,5,20,1310,49,949,22,366,11,5,52
20,5,5,20,10,15,0,5,20,1561,39,956,14,470,32,5,56
20,5,5,20,10,15,0,5,20,1640,63,1010,17,586,15,4,51
20,5,5,20,10,15,0,5,20,1698,42,997,6,660,25,5,56
20,5,5,20,10,15,0,5,20,1240,50,867,8,444,27,3,50
20,5,5,20,10,15,0,5,20,1459,49,842,22,412,28,1,54
20,5,5,20,10,15,0,5,20,1743,53,1361,11,676,32,3,58
20,5,5,20,10,15,0,5,20,1586,55,1253,10,650,20,4,51
20,5,5,20,10,15,0,5,20,1407,44,959,5,528,29,2,52
20,5,5,20,10,15,0,5,20,1665,35,1074,18,590,35,5,51
20,5,5,20,10,15,0,5,20,1733,42,1241,8,466,39,4,57
20,5,5,20,10,15,0,5,20,1490,54,829,19,490,28,2,53
20,5,5,20,10,15,0,5,20,1582,39,924,14,604,18,5,50
20,5,5,20,10,15,0,5,20,1778,60,1116,12,702,25,2,57
20,5,5,20,10,15,0,5,20,1675,62,1064,15,525,10,1,50
20,5,5,20,10,15,0,5,20,1680,60,1208,22,572,22,3,55
20,5,5,20,10,15,0,5,20,1488,52,907,20,389,39,1,57
20,5,5,20,10,15,0,5,20,1327,47,823,15,459,38,2,53
20,5,5,20,10,15,0,5,20,1613,44,1144,18,411,34,2,58
20,5,5,20,10,15,0,5,20,1691,45,1335,21,650,27,4,54
20,5,5,20,10,15,0,5,20,1602,56,1238,14,610,12,3,52
20,5,5,20,10,15,0,5,20,1793,52,1392,22,780,17,2,55
20,5,5,20,10,15,0,5,20,1701,52,968,8,481,14,2,59
20,5,5,20,10,15,0,5,20,1758,56,1109,21,614,24,2,67
20,5,5,20,10,15,0,5,20,1441,51,926,21,538,13,5,70
20,5,5,20,10,15,0,5,20,1762,59,1118,16,583,23,4,68
20,5,5,20,10,15,0,5,20,1722,52,956,10,615,33,2,60
20,5,5,20,10,15,0,5,20,1469,51,864,19,533,27,3,64
20,5,5,20,10,15,0,5,20,1560,51,901,22,508,20,2,64
20,5,5,20,10,15,0,5,20,1743,47,1340,16,687,21,3,64
20,5,5,20,10,15,0,5,20,1782,59,1328,11,595,29,5,61
20,5,5,20,10,15,0,5,20,1582,50,921,23,440,33,3,64
20,5,5,20,10,15,0,5,20,1733,46,1292,23,506,28,3,61
20,5,5,20,10,15,0,5,20,1540,55,948,13,416,25,2,62
20,5,5,20,10,15,0,5,20,1767,56,1296,8,590,39,4,64
20,5,5,20,10,15,0,5,20,1493,49,953,22,393,31,1,65
20,5,5,20,10,15,0,5,20,1648,44,1111,8,626,29,3,68
20,5,5,20,10,15,0,5,20,1523,50,891,10,397,26,2,63
20,5,5,20,10,15,0,5,20,1403,48,955,20,529,39,2,61
20,5,5,20,10,15,0,5,20,1692,55,1099,18,447,35,3,68
20,5,5,20,10,15,0,5,20,1471,46,907,21,450,27,2,60
20,5,5,20,10,15,0,5,20,1750,51,1345,10,560,10,4,67
20,5,5,20,10,15,0,5,20,1600,41,1020,18,513,31,5,65
20,5,5,20,10,15,0,5,20,1392,51,907,24,413,34,3,63
20,5,5,20,10,15,0,5,20,1626,51,921,21,484,27,2,62
20,5,5,20,10,15,0,5,20,1427,55,932,7,513,25,3,61
20,5,5,20,10,15,0,5,20,1508,45,1001,8,598,34,5,69
20,5,5,20,10,15,0,5,20,1591,48,932,13,480,25,1,65
20,5,5,20,10,15,0,5,20,1595,42,1132,17,564,12,5,63
20,5,5,20,10,15,0,5,20,1675,51,1046,5,462,26,1,66
20,5,5,20,10,15,0,5,20,1514,47,1120,16,537,26,1,62
20,5,5,20,10,15,0,5,20,1442,54,992,10,423,29,4,66
20,5,5,20,10,15,0,5,20,1782,54,1040,21,586,25,3,67
20,5,5,20,10,15,0,5,20,1536,48,925,11,456,30,3,67
20,5,5,20,10,15,0,5,20,1718,46,1188,23,637,30,1,66
20,5,5,20,10,15,0,5,20,1381,49,854,15,524,34,3,61
20,5,5,20,10,15,0,5,20,1585,52,1122,21,432,13,3,67
20,5,5,20,10,15,0,5,20,1664,51,911,13,449,13,5,63
20,5,5,20,10,15,0,5,20,1634,53,1255,18,647,21,3,60
20,5,5,20,10,15,0,5,20,1481,48,1073,15,529,35,3,67
20,5,5,20,10,15,0,5,20,1638,47,942,8,497,22,5,65
20,5,5,20,10,15,0,5,20,1424,47,1020,17,360,21,4,60
20,5,5,20,10,15,0,5,20,1772,43,1240,10,751,12,5,64
20,5,5,20,10,15,0,5,20,1393,47,974,21,450,16,3,61
20,5,5,20,10,15,0,5,20,1484,52,1063,10,446,18,2,65
20,5,5,20,10,15,0,5,20,1454,55,1045,18,449,11,5,63
20,5,5,20,10,15,0,5,20,1515,50,945,19,384,16,3,69
20,5,5,20,10,15,0,5,20,1448,49,1060,7,433,18,4,62
20,5,5,20,10,15,0,5,20,1657,46,1017,8,652,27,5,68
20,5,5,20,10,15,0,5,20,1613,45,1071,5,618,17,1,63
20,5,5,20,10,15,0,5,20,1796,53,981,15,587,27,1,62
20,5,5,20,10,15,0,5,20,1661,57,1149,6,665,26,4,62
20,5,5,20,10,15,0,5,20,1654,46,1145,6,640,36,2,64
20,5,5,20,10,15,0,5,20,1510,50,870,15,399,10,5,68
20,5,5,20,10,15,0,5,20,1621,47,994,17,454,23,3,70
20,5,5,20,10,15,0,5,20,1540,45,980,21,441,30,1,60
20,5,5,20,10,15,0,5,20,1798,52,1411,6,611,28,5,66
20,5,5,20,10,15,0,5,20,1723,48,1270,9,696,24,1,63
20,5,5,20,10,15,0,5,20,1461,52,922,20,588,18,3,64
20,5,5,20,10,15,0,5,20,1690,51,956,10,599,16,3,66
20,5,5,20,10,15,0,5,20,1593,53,969,14,547,36,2,69
20,5,5,20,10,15,0,5,20,1735,54,1279,21,685,36,4,63
20,5,5,20,10,15,0,5,20,1664,56,1008,22,642,32,4,60
20,5,5,20,10,15,0,5,20,1375,51,881,13,496,12,2,61
20,5,5,20,10,15,0,5,20,1453,48,885,11,579,36,5,63
20,5,5,20,10,15,0,5,20,1776,51,984,15,535,32,2,67
20,5,5,20,10,15,0,5,20,1592,57,1099,16,454,24,5,70
20,5,5,20,10,15,0,5,20,1541,53,927,22,531,36,5,68
20,5,5,20,10,15,0,5,20,1554,51,1121,9,452,27,1,66
20,5,5,20,10,15,0,5,20,1771,53,1058,5,604,14,2,65
20,5,5,20,10,15,0,5,20,1697,46,929,16,558,19,3,60
20,5,5,20,10,15,0,5,20,1516,49,891,18,588,31,2,62
20,5,5,20,10,15,0,5,20,1627,52,1210,5,467,17,3,61
20,5,5,20,10,15,0,5,20,1527,47,1057,16,563,38,3,70
20,5,5,20,10,15,0,5,20,1511,50,1130,16,450,16,3,69
20,5,5,20,10,15,0,5,20,1778,53,1023,5,610,38,5,67
20,5,5,20,10,15,0,5,20,1552,41,1012,11,423,29,5,62
20,5,5,20,10,15,0,5,20,1693,53,1115,6,446,33,2,70
20,5,5,20,10,15,0,5,20,1297,52,860,16,444,22,4,63
20,5,5,20,10,15,0,5,20,1778,58,1287,11,571,31,2,60
20,5,5,20,10,15,0,5,20,1513,43,1024,18,574,12,5,67
20,5,5,20,10,15,0,5,20,1507,51,894,15,561,10,3,67
20,5,5,20,10,15,0,5,20,1725,54,995,14,477,37,5,65
20,5,5,20,10,15,0,5,20,1620,46,1181,18,476,14,3,63
20,5,5,20,10,15,0,5,20,1675,52,1321,7,654,28,5,60
20,5,5,20,10,15,0,5,20,1506,41,988,24,532,30,5,62
20,5,5,20,10,15,0,5,20,1653,50,1255,23,511,22,3,68
20,5,5,20,10,15,0,5,20,1395,51,879,9,514,19,5,65
20,5,5,20,10,15,0,5,20,1667,51,945,10,522,17,4,68
20,5,5,20,10,15,0,5,20,1608,39,1077,13,547,38,4,61
20,5,5,20,10,15,0,5,20,1705,48,952,16,468,37,3,61
20,5,5,20,10,15,0,5,20,1570,51,1206,8,446,33,3,60
20,5,5,20,10,15,0,5,20,1456,54,912,21,518,32,2,60
20,5,5,20,10,15,0,5,20,1758,57,1101,5,623,25,2,62
20,5,5,20,10,15,0,5,20,1610,54,955,19,487,23,4,65
20,5,5,20,10,15,0,5,20,1531,52,1028,10,437,12,1,69
20,5,5,20,10,15,0,5,20,1452,52,903,8,572,37,3,60
20,5,5,20,10,15,0,5,20,1572,45,1137,13,570,38,3,63
20,5,5,20,10,15,0,5,20,1449,48,953,18,393,32,3,69
20,5,5,20,10,15,0,5,20,1787,62,1141,14,590,23,4,61
20,5,5,20,10,15,0,5,20,1714,44,1228,24,649,25,4,64
20,5,5,20,10,15,0,5,20,1799,54,1058,22,564,38,2,62
20,5,5,20,10,15,0,5,20,1786,58,1231,5,748,17,4,60
20,5,5,20,10,15,0,5,20,1785,50,1302,23,564,36,4,77
20,5,5,20,10,15,0,5,20,1738,45,1175,10,645,13,2,71
20,5,5,20,10,15,0,5,20,1657,43,1166,16,590,25,4,71
20,5,5,20,10,15,0,5,20,1576,55,970,14,517,18,4,70
20,5,5,20,10,15,0,5,20,1717,48,1039,17,504,38,3,71
20,5,5,20,10,15,0,5,20,1766,48,1108,20,480,22,2,73
20,5,5,20,10,15,0,5,20,1793,53,1233,21,570,20,2,77
20,5,5,20,10,15,0,5,20,1485,48,1016,18,579,35,3,70
20,5,5,20,10,15,0,5,20,1650,54,1005,10,489,33,5,70
20,5,5,20,10,15,0,5,20,1419,53,939,5,460,25,5,70
20,5,5,20,10,15,0,5,20,1658,45,1123,14,492,33,5,78
20,5,5,20,10,15,0,5,20,1507,47,978,17,612,19,3,70
20,5,5,20,10,15,0,5,20,1790,57,1180,13,679,14,3,70
20,5,5,20,10,15,0,5,20,1794,51,1084,11,491,30,2,71
20,5,5,20,10,15,0,5,20,1489,48,993,15,488,14,1,77
20,5,5,20,10,15,0,5,20,1744,46,1172,10,504,29,3,77
20,5,5,20,10,15,0,5,20,1768,49,1125,23,657,39,2,74
20,5,5,20,10,15,0,5,20,1760,43,1183,14,604,17,3,75
20,5,5,20,10,15,0,5,20,1696,47,1153,22,431,10,3,70
20,5,5,20,10,15,0,5,20,1511,50,1030,7,566,17,2,75
20,5,5,20,10,15,0,5,20,1761,45,1084,13,540,22,3,70
20,5,5,20,10,15,0,5,20,1601,52,949,24,545,25,5,71
20,5,5,20,10,15,0,5,20,1615,49,1000,23,553,24,1,70
20,5,5,20,10,15,0,5,20,1606,52,1134,21,469,27,4,74
20,5,5,20,10,15,0,5,20,1601,49,1060,24,580,39,1,73
20,5,5,20,10,15,0,5,20,1790,47,1250,18,593,19,1,77
20,5,5,20,10,15,0,5,20,1761,46,1167,16,516,39,3,79
20,5,5,20,10,15,0,5,20,1625,49,1104,5,551,37,1,74
20,5,5,20,10,15,0,5,20,1521,52,989,10,457,27,1,72
20,5,5,20,10,15,0,5,20,1637,46,1156,18,533,20,5,76
20,5,5,20,10,15,0,5,20,1570,47,1007,18,417,30,3,70
20,5,5,20,10,15,0,5,20,1728,57,1172,18,600,31,3,70
20,5,5,20,10,15,0,5,20,1693,48,1131,24,652,16,5,80
20,5,5,20,10,15,0,5,20,1490,49,926,11,479,16,3,72
20,5,5,20,10,15,0,5,20,1479,47,928,14,559,22,5,73
20,5,5,20,10,15,0,5,20,1515,49,977,20,411,24,1,70
20,5,5,20,10,15,0,5,20,1632,46,1057,18,541,21,2,75
20,5,5,20,10,15,0,5,20,1721,48,1081,12,470,33,4,77
20,5,5,20,10,15,0,5,20,1756,53,1237,9,738,18,4,71
20,5,5,20,10,15,0,5,20,1555,50,970,19,526,21,2,76
20,5,5,20,10,15,0,5,20,1573,50,1007,18,461,31,1,77
20,5,5,20,10,15,0,5,20,1573,45,1055,10,534,23,3,75
20,5,5,20,10,15,0,5,20,1716,52,1256,15,661,13,2,70
20,5,5,20,10,15,0,5,20,1694,49,1004,16,497,17,2,71
20,5,5,20,10,15,0,5,20,1629,45,1069,17,663,35,4,71
20,5,5,20,10,15,0,5,20,1579,52,1029,5,573,14,5,75
20,5,5,20,10,15,0,5,20,1485,51,922,14,468,31,3,74
20,5,5,20,10,15,0,5,20,1769,57,1188,14,575,13,4,77
20,5,5,20,10,15,0,5,20,1645,50,1214,20,712,30,5,70
20,5,5,20,10,15,0,5,20,1624,46,1036,20,498,38,4,72
20,5,5,20,10,15,0,5,20,1449,51,947,15,451,39,3,75
20,5,5,20,10,15,0,5,20,1465,48,982,8,434,27,5,75
20,5,5,20,10,15,0,5,20,1489,53,970,23,529,39,5,72
20,5,5,20,10,15,0,5,20,1497,52,979,20,427,21,5,78
20,5,5,20,10,15,0,5,20,1738,50,968,19,533,13,5,70
20,5,5,20,10,15,0,5,20,1643,50,1029,20,475,15,2,73
20,5,5,20,10,15,0,5,20,1639,50,925,15,506,32,3,70
20,5,5,20,10,15,0,5,20,1779,56,1233,11,564,21,2,71
20,5,5,20,10,15,0,5,20,1555,53,1051,9,529,33,3,76
20,5,5,20,10,15,0,5,20,1547,54,1047,18,593,25,5,78
20,5,5,20,10,15,0,5,20,1639,52,1112,17,627,24,1,77
20,5,5,20,10,15,0,5,20,1658,50,1072,8,460,38,4,79
20,5,5,20,10,15,0,5,20,1713,51,1148,23,469,32,3,80
20,5,5,20,10,15,0,5,20,1660,54,1095,13,535,10,2,75
20,5,5,20,10,15,0,5,20,1776,45,1125,8,557,19,4,73
20,5,5,20,10,15,0,5,20,1781,49,1207,9,731,28,1,77
20,5,5,20,10,15,0,5,20,1579,54,1052,16,498,36,1,74
20,5,5,20,10,15,0,5,20,1555,48,1058,15,398,13,5,79
20,5,5,20,10,15,0,5,20,1510,48,1012,19,553,19,4,79
20,5,5,20,10,15,0,5,20,1661,53,1119,20,638,38,1,70
20,5,5,20,10,15,0,5,20,1608,51,1039,9,650,33,2,72
20,5,5,20,10,15,0,5,20,1410,50,932,11,448,17,4,76
20,5,5,20,10,15,0,5,20,1669,48,1116,22,495,23,1,76
20,5,5,20,10,15,0,5,20,1583,52,1122,19,506,29,5,78
20,5,5,20,10,15,0,5,20,1757,49,1289,12,604,15,2,74
20,5,5,20,10,15,0,5,20,1609,53,1046,11,599,14,4,75
20,5,5,20,10,15,0,5,20,1712,52,1235,22,644,20,5,75
20,5,5,20,10,15,0,5,20,1683,52,1221,20,474,23,4,73
20,5,5,20,10,15,0,5,20,1627,51,1166,14,413,24,5,77
20,5,5,20,10,15,0,5,20,1614,52,1099,11,422,24,3,75
20,5,5,20,10,15,0,5,20,1615,48,1138,13,510,39,3,74
20,5,5,20,10,15,0,5,20,1454,51,1028,14,481,30,5,77
20,5,5,20,10,15,0,5,20,1568,53,1077,11,494,39,3,72
20,5,5,20,10,15,0,5,20,1755,51,1241,20,496,17,2,75
20,5,5,20,10,15,0,5,20,1629,47,1154,20,571,23,2,71
20,5,5,20,10,15,0,5,20,1541,54,1008,11,447,25,5,77
20,5,5,20,10,15,0,5,20,1681,45,1144,15,425,27,5,77
20,5,5,20,10,15,0,5,20,1514,46,986,8,418,27,4,70
20,5,5,20,10,15,0,5,20,1631,53,963,14,561,20,4,71
20,5,5,20,10,15,0,5,20,1451,53,969,15,511,32,3,75
20,5,5,20,10,15,0,5,20,1641,50,1003,9,596,22,5,80
20,5,5,20,10,15,0,5,20,1745,44,1103,17,628,39,5,72
20,5,5,20,10,15,0,5,20,1634,48,1182,6,521,30,4,70
20,5,5,20,10,15,0,5,20,1552,52,976,13,484,18,5,79
20,5,5,20,10,15,0,5,20,1694,41,1095,15,573,14,5,70
20,5,5,20,10,15,0,5,20,1735,49,1077,22,516,37,4,76
20,5,5,20,10,15,0,5,20,1478,49,997,22,567,22,5,78
20,5,5,20,10,15,0,5,20,1663,52,1161,15,430,21,3,77
20,5,5,20,10,15,0,5,20,1660,52,1160,11,618,28,3,77
20,5,5,20,10,15,0,5,20,1608,49,1028,21,556,10,1,72
20,5,5,20,10,15,0,5,20,1758,50,1121,16,685,29,3,85
20,5,5,20,10,15,0,5,20,1524,48,1040,11,520,14,5,80
20,5,5,20,10,15,0,5,20,1682,51,1170,18,595,14,5,85
20,5,5,20,10,15,0,5,20,1643,50,1105,21,499,17,2,81
20,5,5,20,10,15,0,5,20,1792,50,1188,6,663,35,1,82
20,5,5,20,10,15,0,5,20,1789,48,1224,13,475,27,2,80
20,5,5,20,10,15,0,5,20,1485,49,963,14,558,28,4,80
20,5,5,20,10,15,0,5,20,1762,48,1215,9,547,28,4,82
20,5,5,20,10,15,0,5,20,1632,49,1078,14,510,39,5,89
20,5,5,20,10,15,0,5,20,1786,51,1206,19,478,27,3,84
20,5,5,20,10,15,0,5,20,1678,49,1147,12,512,25,5,90
20,5,5,20,10,15,0,5,20,1766,52,1239,10,532,24,4,80
20,5,5,20,10,15,0,5,20,1564,50,1017,16,458,28,3,85
20,5,5,20,10,15,0,5,20,1604,47,1055,13,533,32,3,81
20,5,5,20,10,15,0,5,20,1598,48,1032,9,568,23,5,81
20,5,5,20,10,15,0,5,20,1631,50,1097,17,607,37,2,83
20,5,5,20,10,15,0,5,20,1726,51,1190,19,478,30,3,80
20,5,5,20,10,15,0,5,20,1739,52,1212,21,649,28,5,81
20,5,5,20,10,15,0,5,20,1615,51,1075,15,641,30,4,86
20,5,5,20,10,15,0,5,20,1766,50,1171,23,495,26,5,90
20,5,5,20,10,15,0,5,20,1558,51,1018,19,516,30,4,84
20,5,5,20,10,15,0,5,20,1739,51,1076,19,622,39,5,80
20,5,5,20,10,15,0,5,20,1789,47,1113,20,601,26,5,82
20,5,5,20,10,15,0,5,20,1796,47,1222,8,645,21,4,80
20,5,5,20,10,15,0,5,20,1793,49,1168,9,568,32,3,86
20,5,5,20,10,15,0,5,20,1517,50,1014,16,489,36,2,84
20,5,5,20,10,15,0,5,20,1567,49,1056,16,510,10,3,84
20,5,5,20,10,15,0,5,20,1657,50,1160,15,454,13,4,82
20,5,5,20,10,15,0,5,20,1756,53,1214,22,579,11,5,80
20,5,5,20,10,15,0,5,20,1699,47,1121,13,544,12,4,83
20,5,5,20,10,15,0,5,20,1792,49,1096,16,633,17,4,83
20,5,5,20,10,15,0,5,20,1725,52,1121,14,678,28,3,82
20,5,5,20,10,15,0,5,20,1762,50,1124,9,538,23,1,81
20,5,5,20,10,15,0,5,20,1798,50,1233,21,732,12,3,80
20,5,5,20,10,15,0,5,20,1735,50,1182,22,455,25,4,84
20,5,5,20,10,15,0,5,20,1794,53,1146,12,656,22,3,80
20,5,5,20,10,15,0,5,20,1798,52,1246,14,728,19,3,80
20,5,5,20,10,15,0,5,20,1682,47,1103,14,599,10,3,80
20,5,5,20,10,15,0,5,20,1679,50,1153,11,501,29,3,84
20,5,5,20,10,15,0,5,20,1662,51,1091,8,584,21,5,86
20,5,5,20,10,15,0,5,20,1543,52,1070,18,505,34,5,80
20,5,5,20,10,15,0,5,20,1799,48,1159,20,693,26,5,84
20,5,5,20,10,15,0,5,20,1620,51,1055,13,601,17,5,86
20,5,5,20,10,15,0,5,20,1718,51,1138,6,533,21,2,81
20,5,5,20,10,15,0,5,20,1501,51,1040,14,450,10,5,80
20,5,5,20,10,15,0,5,20,1685,49,1141,7,542,25,5,88
20,5,5,20,10,15,0,5,20,1762,49,1258,12,579,24,5,87
20,5,5,20,10,15,0,5,20,1784,48,1182,17,447,12,3,81
20,5,5,20,10,15,0,5,20,1669,51,1186,15,453,26,5,82
20,5,5,20,10,15,0,5,20,1619,54,1076,19,527,22,5,82
20,5,5,20,10,15,0,5,20,1679,47,1046,13,561,21,5,81
20,5,5,20,10,15,0,5,20,1734,49,1206,16,645,23,5,88
20,5,5,20,10,15,0,5,20,1792,53,1219,9,666,25,4,82
20,5,5,20,10,15,0,5,20,1740,50,1138,23,577,21,4,90
20,5,5,20,10,15,0,5,20,1776,48,1204,18,471,31,4,83
20,5,5,20,10,15,0,5,20,1711,53,1120,15,580,12,5,88
20,5,5,20,10,15,0,5,20,1748,50,1095,12,564,31,2,83
20,5,5,20,10,15,0,5,20,1622,51,1084,21,426,24,5,83
20,5,5,20,10,15,0,5,20,1532,51,978,15,478,18,3,81
20,5,5,20,10,15,0,5,20,1770,52,1212,16,627,27,2,85
20,5,5,20,10,15,0,5,20,1734,55,1107,15,548,18,5,80
20,5,5,20,10,15,0,5,20,1729,49,1130,22,573,25,3,87
20,5,5,20,10,15,0,5,20,1588,50,1030,17,463,25,4,87
20,5,5,20,10,15,0,5,20,1650,47,1090,21,562,16,5,82
20,5,5,20,10,15,0,5,20,1796,52,1151,11,582,12,3,82
20,5,5,20,10,15,0,5,20,1728,50,1052,15,566,19,4,86
20,5,5,20,10,15,0,5,20,1744,49,1171,21,554,11,4,87
20,5,5,20,10,15,0,5,20,1779,52,1257,18,537,14,5,82
20,5,5,20,10,15,0,5,20,1792,51,1214,9,626,29,1,83
20,5,5,20,10,15,0,5,20,1593,50,1014,14,457,27,5,87
20,5,5,20,10,15,0,5,20,1789,50,1114,15,724,30,5,86
20,5,5,20,10,15,0,5,20,1785,52,1220,24,550,18,5,83
20,5,5,20,10,15,0,5,20,1700,51,1137,8,579,35,1,81
20,5,5,20,10,15,0,5,20,1535,50,960,18,485,28,4,82
20,5,5,20,10,15,0,5,20,1691,47,1161,11,509,17,5,81
20,5,5,20,10,15,0,5,20,1520,49,1020,17,400,26,5,83
20,5,5,20,10,15,0,5,20,1704,50,1108,20,621,32,5,89
20,5,5,20,10,15,0,5,20,1759,51,1140,5,681,21,5,82
20,5,5,20,10,15,0,5,20,1722,52,1147,7,574,10,3,81
20,5,5,20,10,15,0,5,20,1721,51,1118,13,523,16,5,89
20,5,5,20,10,15,0,5,20,1648,49,1074,15,609,31,3,85
20,5,5,20,10,15,0,5,20,1701,53,1119,14,634,27,4,84
20,5,5,20,10,15,0,5,20,1777,51,1175,8,567,38,2,83
20,5,5,20,10,15,0,5,20,1542,51,1016,20,465,24,5,84
20,5,5,20,10,15,0,5,20,1642,50,1142,13,465,16,4,82
20,5,5,20,10,15,0,5,20,1744,52,1175,19,541,36,4,85
20,5,5,20,10,15,0,5,20,1752,48,1227,13,630,37,5,83
20,5,5,20,10,15,0,5,20,1793,51,1150,14,480,39,4,84
20,5,5,20,10,15,0,5,20,1781,46,1197,13,617,31,3,83
20,5,5,20,10,15,0,5,20,1485,52,984,17,494,14,4,82
20,5,5,20,10,15,0,5,20,1743,53,1188,20,627,31,5,83
20,5,5,20,10,15,0,5,20,1600,50,1052,17,470,34,2,83
20,5,5,20,10,15,0,5,20,1799,53,1216,16,606,27,1,84
20,5,5,20,10,15,0,5,20,1758,51,1154,24,608,31,5,87
20,5,5,20,10,15,0,5,20,1674,50,1038,6,604,21,5,80
20,5,5,20,10,15,0,5,20,1788,50,1277,15,595,32,1,84
20,5,5,20,10,15,0,5,20,1789,52,1107,12,534,36,5,80
20,5,5,20,10,15,0,5,20,1611,51,1060,14,480,18,3,85
20,5,5,20,10,15,0,5,20,1791,49,1249,17,567,17,3,85
20,5,5,20,10,15,0,5,20,1725,50,1155,13,634,23,1,89
20,5,5,20,10,15,0,5,20,1797,50,1184,9,704,25,4,90
20,5,5,20,10,15,0,5,20,1792,51,1163,15,604,38,3,91
20,5,5,20,10,15,0,5,20,1755,52,1182,12,595,19,5,92
20,5,5,20,10,15,0,5,20,1795,49,1210,13,633,25,4,95
20,5,5,20,10,15,0,5,20,1667,49,1154,15,538,23,5,91
20,5,5,20,10,15,0,5,20,1757,49,1168,17,565,29,5,96
20,5,5,20,10,15,0,5,20,1736,50,1167,16,502,16,5,94
20,5,5,20,10,15,0,5,20,1798,49,1197,20,662,25,3,90
20,5,5,20,10,15,0,5,20,1646,52,1094,16,568,25,5,92
20,5,5,20,10,15,0,5,20,1666,50,1113,16,602,32,4,92
20,5,5,20,10,15,0,5,20,1583,49,1057,15,455,24,5,90
20,5,5,20,10,15,0,5,20,1799,52,1242,16,643,22,5,90
20,5,5,20,10,15,0,5,20,1667,50,1103,14,614,36,4,90
20,5,5,20,10,15,0,5,20,1786,47,1161,15,606,33,5,90
20,5,5,20,10,15,0,5,20,1639,50,1130,14,515,15,5,90
20,5,5,20,10,15,0,5,20,1741,50,1167,6,584,38,5,91
20,5,5,20,10,15,0,5,20,1761,50,1172,19,567,26,2,92
20,5,5,20,10,15,0,5,20,1708,50,1181,14,569,37,4,91
20,5,5,20,10,15,0,5,20,1668,50,1121,13,551,22,2,91
20,5,5,20,10,15,0,5,20,1694,51,1146,12,502,27,5,90
20,5,5,20,10,15,0,5,20,1639,48,1098,15,528,24,5,92
20,5,5,20,10,15,0,5,20,1744,53,1159,14,554,32,5,91
20,5,5,20,10,15,0,5,20,1705,51,1161,13,585,24,5,92
20,5,5,20,10,15,0,5,20,1784,51,1156,18,606,27,5,94
20,5,5,20,10,15,0,5,20,1776,51,1180,16,488,28,5,94
20,5,5,20,10,15,0,5,20,1746,50,1155,23,575,20,5,93
20,5,5,20,10,15,0,5,20,1797,49,1178,14,697,18,5,91
20,5,5,20,10,15,0,5,20,1792,50,1168,13,598,18,3,93
20,5,5,20,10,15,0,5,20,1762,51,1168,14,675,20,4,91
20,5,5,20,10,15,0,5,20,1772,49,1183,21,598,20,3,90
20,5,5,20,10,15,0,5,20,1746,49,1156,16,532,28,5,96
20,5,5,20,10,15,0,5,20,1789,50,1200,18,714,29,5,92
20,5,5,20,10,15,0,5,20,1747,51,1143,11,594,26,5,94
20,5,5,20,10,15,0,5,20,1785,50,1138,18,615,33,5,92
20,5,5,20,10,15,0,5,20,1799,51,1185,15,667,36,4,91
20,5,5,20,10,15,0,5,20,1713,50,1151,7,585,12,5,90
20,5,5,20,10,15,0,5,20,1701,51,1101,14,561,31,4,90
20,5,5,20,10,15,0,5,20,1774,52,1169,18,586,22,3,90
20,5,5,20,10,15,0,5,20,1741,50,1197,17,670,28,5,92
20,5,5,20,10,15,0,5,20,1614,50,1103,15,562,28,5,94
20,5,5,20,10,15,0,5,20,1773,51,1177,16,462,25,5,93
20,5,5,20,10,15,0,5,20,1707,51,1111,14,567,23,3,90
20,5,5,20,10,15,0,5,20,1687,50,1135,13,576,22,2,92
20,5,5,20,10,15,0,5,20,1709,49,1142,19,570,39,5,90
20,5,5,20,10,15,0,5,20,1729,50,1130,24,547,22,5,90
20,5,5,20,10,15,0,5,20,1782,50,1142,12,545,33,4,90
20,5,5,20,10,15,0,5,20,1780,48,1185,19,615,19,4,90
20,5,5,20,10,15,0,5,20,1704,50,1139,13,585,10,4,92
20,5,5,20,10,15,0,5,20,1774,51,1184,15,647,35,5,95
20,5,5,20,10,15,0,5,20,1783,51,1160,16,551,12,4,90
20,5,5,20,10,15,0,5,20,1762,49,1142,10,588,24,5,91
20,5,5,20,10,15,0,5,20,1710,50,1097,13,636,28,5,91
20,5,5,20,10,15,0,5,20,1775,51,1173,8,592,13,5,90
20,5,5,20,10,15,0,5,20,1798,49,1129,16,573,25,5,92
20,5,5,20,10,15,0,5,20,1781,51,1223,15,593,11,3,90
20,5,5,20,10,15,0,5,20,1776,50,1186,18,513,27,4,94
20,5,5,20,10,15,0,5,20,1596,50,1056,15,539,15,4,93
20,5,5,20,10,15,0,5,20,1620,51,1061,17,546,26,4,90
20,5,5,20,10,15,0,5,20,1775,51,1221,22,591,22,5,91
20,5,5,20,10,15,0,5,20,1790,51,1140,18,623,19,5,90
20,5,5,20,10,15,0,5,20,1789,49,1180,18,534,15,5,92
20,5,5,20,10,15,0,5,20,1750,48,1114,14,576,23,5,90
20,5,5,20,10,15,0,5,20,1798,50,1222,13,584,23,2,93
20,5,5,20,10,15,0,5,20,1750,50,1143,22,540,30,5,90
20,5,5,20,10,15,0,5,20,1709,49,1140,12,552,18,5,92
20,5,5,20,10,15,0,5,20,1727,50,1084,15,549,26,5,92
20,5,5,20,10,15,0,5,20,1736,51,1179,18,552,20,5,92
20,5,5,20,10,15,0,5,20,1518,50,1040,16,500,28,5,90
20,5,5,20,10,15,0,5,20,1682,51,1109,20,556,20,5,91
20,5,5,20,10,15,0,5,20,1709,50,1180,19,538,19,5,90
20,5,5,20,10,15,0,5,20,1793,49,1187,16,488,19,4,90
20,5,5,20,10,15,0,5,20,1653,50,1097,15,574,21,2,92
20,5,5,20,10,15,0,5,20,1716,47,1137,17,553,23,5,90
20,5,5,20,10,15,0,5,20,1797,50,1192,10,637,35,5,95
20,5,5,20,10,15,0,5,20,1734,50,1141,20,610,30,5,93
20,5,5,20,10,15,0,5,20,1710,49,1174,18,575,26,4,90
20,5,5,20,10,15,0,5,20,1709,49,1155,18,520,27,5,91
20,5,5,20,10,15,0,5,20,1699,50,1126,13,542,10,3,90
20,5,5,20,10,15,0,5,20,1783,49,1172,12,618,32,5,93
20,5,5,20,10,15,0,5,20,1750,48,1129,15,550,22,4,90
20,5,5,20,10,15,0,5,20,1720,50,1200,15,575,28,5,95
20,5,5,20,10,15,0,5,20,1715,49,1131,16,547,15,5,94
20,5,5,20,10,15,0,5,20,1769,51,1147,16,498,28,5,90
20,5,5,20,10,15,0,5,20,1748,49,1185,13,582,37,4,92
20,5,5,20,10,15,0,5,20,1731,50,1167,13,517,28,5,96
20,5,5,20,10,15,0,5,20,1796,51,1194,18,452,26,5,90
20,5,5,20,10,15,0,5,20,1767,49,1164,12,550,22,3,90
20,5,5,20,10,15,0,5,20,1793,49,1171,16,669,30,5,92
20,5,5,20,10,15,0,5,20,1773,49,1186,16,728,17,5,90
20,5,5,20,10,15,0,5,20,1771,48,1219,16,620,24,5,92
20,5,5,20,10,15,0,5,20,1562,50,1055,12,574,24,5,90
20,5,5,20,10,15,0,5,20,1743,51,1187,15,629,23,4,92
20,5,5,20,10,15,0,5,20,1784,50,1187,6,604,10,5,91
20,5,5,20,10,15,0,5,20,1668,50,1082,14,555,32,4,93
20,5,5,20,10,15,0,5,20,1542,51,1030,14,474,25,5,91
20,5,5,20,10,15,0,5,20,1759,51,1245,15,576,30,5,90
20,5,5,20,10,15,0,5,20,1765,51,1165,18,605,34,4,91
20,5,5,20,10,15,0,5,20,1680,51,1107,18,631,25,5,91
20,5,5,20,10,15,0,5,20,1708,50,1107,15,586,19,3,91
20,5,5,20,10,15,0,5,20,1738,50,1181,16,681,23,5,92