@RELATION nowy-stop

@ATTRIBUTE Aluminium numeric
@ATTRIBUTE Krzem numeric
@ATTRIBUTE Magnez numeric
@ATTRIBUTE Miedz numeric
@ATTRIBUTE Cynk numeric
@ATTRIBUTE Cyna numeric
@ATTRIBUTE Nikiel numeric
@ATTRIBUTE Zelazo numeric
@ATTRIBUTE Olow numeric
@ATTRIBUTE TemperaturaWytapiania numeric
@ATTRIBUTE CzasWytapiania numeric
@ATTRIBUTE TemperaturaStudzenia numeric
@ATTRIBUTE CzasPodgrzewania numeric
@ATTRIBUTE TemperaturaStudzenia2 numeric
@ATTRIBUTE CzasPodgrzewania2 numeric
@ATTRIBUTE StopieńUszlachetniania numeric
@ATTRIBUTE Jakość numeric

@DATA
12,0,0,12,0,12,20,23,0,766,38,546,9,261,25,3,?
12,0,0,12,0,12,20,23,0,789,53,592,9,285,12,4,?
12,0,0,12,0,12,20,23,0,784,67,490,12,305,32,3,?
12,0,0,12,0,12,20,23,0,781,51,478,14,205,17,3,?
12,0,0,12,0,12,20,23,0,868,62,673,9,335,25,3,?
12,0,0,12,0,12,20,23,0,808,42,556,14,301,38,3,?
12,0,0,12,0,12,20,23,0,844,50,637,8,267,17,2,?
12,0,0,12,0,12,20,23,0,759,52,492,5,304,33,1,?
12,0,0,12,0,12,20,23,0,935,62,621,17,352,14,1,?
12,0,0,12,0,12,20,23,0,849,38,567,19,268,11,4,?
12,0,0,12,0,12,20,23,0,772,31,510,10,244,37,3,?
12,0,0,12,0,12,20,23,0,976,32,552,18,296,25,1,?
12,0,0,12,0,12,20,23,0,762,68,480,17,214,17,3,?
12,0,0,12,0,12,20,23,0,775,37,509,20,262,14,2,?
12,0,0,12,0,12,20,23,0,930,30,721,11,383,27,2,?
12,0,0,12,0,12,20,23,0,843,33,462,14,255,33,1,?
12,0,0,12,0,12,20,23,0,907,33,491,7,317,37,2,?
12,0,0,12,0,12,20,23,0,893,43,688,17,382,25,2,?
12,0,0,12,0,12,20,23,0,798,43,435,8,206,28,5,?
12,0,0,12,0,12,20,23,0,761,66,524,9,214,25,1,?
12,0,0,12,0,12,20,23,0,797,43,552,14,294,16,5,?
12,0,0,12,0,12,20,23,0,782,35,545,22,296,15,5,?
12,0,0,12,0,12,20,23,0,853,67,592,19,294,13,1,?
12,0,0,12,0,12,20,23,0,871,43,659,18,251,19,2,?
12,0,0,12,0,12,20,23,0,943,32,543,15,312,20,1,?
12,0,0,12,0,12,20,23,0,892,51,675,9,358,10,1,?
12,0,0,12,0,12,20,23,0,947,30,743,21,370,14,3,?
12,0,0,12,0,12,20,23,0,778,32,518,19,281,38,2,?
12,0,0,12,0,12,20,23,0,811,68,596,18,215,11,5,?
12,0,0,12,0,12,20,23,0,765,53,433,22,195,37,3,?
12,0,0,12,0,12,20,23,0,782,69,617,5,299,23,4,?
12,0,0,12,0,12,20,23,0,926,31,707,12,305,37,1,?
12,0,0,12,0,12,20,23,0,1048,31,643,9,367,17,1,?
12,0,0,12,0,12,20,23,0,799,31,488,12,272,11,1,?
12,0,0,12,0,12,20,23,0,924,32,546,20,237,37,3,?
12,0,0,12,0,12,20,23,0,823,43,491,11,260,26,5,?
12,0,0,12,0,12,20,23,0,1032,67,753,17,337,18,1,?
12,0,0,12,0,12,20,23,0,821,50,639,23,314,28,5,?
12,0,0,12,0,12,20,23,0,1024,30,761,7,283,28,1,?
12,0,0,12,0,12,20,23,0,785,31,487,18,308,37,1,?
12,0,0,12,0,12,20,23,0,850,67,609,8,331,22,4,?
12,0,0,12,0,12,20,23,0,802,39,457,18,307,13,2,?
12,0,0,12,0,12,20,23,0,801,68,502,17,316,31,5,?
12,0,0,12,0,12,20,23,0,889,61,636,15,298,20,2,?
12,0,0,12,0,12,20,23,0,821,57,467,10,254,33,4,?
12,0,0,12,0,12,20,23,0,935,33,733,23,377,15,4,?
12,0,0,12,0,12,20,23,0,1050,33,637,6,405,28,1,?
12,0,0,12,0,12,20,23,0,752,55,557,11,322,21,5,?
12,0,0,12,0,12,20,23,0,863,37,468,12,247,16,2,?
12,0,0,12,0,12,20,23,0,765,44,551,18,222,18,3,?
12,0,0,12,0,12,20,23,0,761,68,556,13,262,33,1,?
12,0,0,12,0,12,20,23,0,759,31,427,10,227,24,1,?
12,0,0,12,0,12,20,23,0,869,54,584,18,264,37,1,?
12,0,0,12,0,12,20,23,0,984,32,622,24,251,30,1,?
12,0,0,12,0,12,20,23,0,809,64,503,20,235,31,3,?
12,0,0,12,0,12,20,23,0,830,41,547,17,232,17,2,?
12,0,0,12,0,12,20,23,0,845,45,622,11,333,11,4,?
12,0,0,12,0,12,20,23,0,913,33,574,10,269,29,3,?
12,0,0,12,0,12,20,23,0,831,48,537,23,223,18,1,?
12,0,0,12,0,12,20,23,0,878,65,658,19,314,19,1,?
12,0,0,12,0,12,20,23,0,795,51,600,18,305,38,1,?
12,0,0,12,0,12,20,23,0,816,54,535,18,270,12,2,?
12,0,0,12,0,12,20,23,0,870,33,495,24,218,31,2,?
12,0,0,12,0,12,20,23,0,970,30,702,5,294,18,1,?
12,0,0,12,0,12,20,23,0,860,35,677,5,336,34,4,?
12,0,0,12,0,12,20,23,0,854,53,583,21,320,34,1,?
12,0,0,12,0,12,20,23,0,998,30,775,24,431,25,1,?
12,0,0,12,0,12,20,23,0,816,57,510,22,274,13,4,?
12,0,0,12,0,12,20,23,0,816,52,470,20,297,35,5,?
12,0,0,12,0,12,20,23,0,822,39,521,15,327,14,4,?
12,0,0,12,0,12,20,23,0,803,62,508,11,246,31,1,?
12,0,0,12,0,12,20,23,0,758,41,481,5,291,19,2,?
12,0,0,12,0,12,20,23,0,803,45,442,15,208,11,2,?
12,0,0,12,0,12,20,23,0,763,37,444,23,222,21,5,?
12,0,0,12,0,12,20,23,0,837,66,552,9,242,11,3,?
12,0,0,12,0,12,20,23,0,860,67,565,5,293,30,5,?
12,0,0,12,0,12,20,23,0,851,67,469,20,326,27,4,?
12,0,0,12,0,12,20,23,0,779,40,459,9,280,20,2,?
12,0,0,12,0,12,20,23,0,933,40,573,7,301,31,1,?
12,0,0,12,0,12,20,23,0,899,63,709,14,298,22,1,?
12,0,0,12,0,12,20,23,0,764,63,470,14,198,12,3,?
12,0,0,12,0,12,20,23,0,859,30,673,6,270,15,5,?
12,0,0,12,0,12,20,23,0,863,31,617,9,262,22,2,?
12,0,0,12,0,12,20,23,0,795,47,549,7,235,25,2,?
12,0,0,12,0,12,20,23,0,833,36,547,22,249,27,3,?
12,0,0,12,0,12,20,23,0,881,33,495,15,333,38,3,?
12,0,0,12,0,12,20,23,0,930,60,658,19,386,29,1,?
12,0,0,12,0,12,20,23,0,810,42,507,11,238,19,3,?
12,0,0,12,0,12,20,23,0,809,64,500,19,225,33,2,?
12,0,0,12,0,12,20,23,0,792,38,437,17,200,36,4,?
12,0,0,12,0,12,20,23,0,871,57,635,20,220,13,3,?
12,0,0,12,0,12,20,23,0,813,49,565,14,304,17,1,?
12,0,0,12,0,12,20,23,0,822,56,632,7,288,21,5,?
12,0,0,12,0,12,20,23,0,884,62,585,9,270,29,2,?
12,0,0,12,0,12,20,23,0,863,55,583,7,310,33,2,?
12,0,0,12,0,12,20,23,0,855,36,498,19,275,11,1,?
12,0,0,12,0,12,20,23,0,877,38,607,19,252,12,2,?
12,0,0,12,0,12,20,23,0,829,36,475,21,243,27,2,?
12,0,0,12,0,12,20,23,0,893,36,533,17,355,10,2,?
12,0,0,12,0,12,20,23,0,924,67,716,23,381,16,1,?
12,0,0,12,0,12,20,23,0,1200,36,920,7,425,20,1,?
12,0,0,12,0,12,20,23,0,1119,30,841,21,407,20,4,?
12,0,0,12,0,12,20,23,0,958,38,661,7,335,18,1,?
12,0,0,12,0,12,20,23,0,892,34,653,7,273,10,5,?
12,0,0,12,0,12,20,23,0,1063,37,582,16,284,24,4,?
12,0,0,12,0,12,20,23,0,914,53,698,7,314,30,5,?
12,0,0,12,0,12,20,23,0,1166,33,674,22,415,28,2,?
12,0,0,12,0,12,20,23,0,1111,69,834,11,429,35,2,?
12,0,0,12,0,12,20,23,0,901,60,554,6,285,26,4,?
12,0,0,12,0,12,20,23,0,1121,36,855,9,477,20,4,?
12,0,0,12,0,12,20,23,0,988,51,596,5,292,22,2,?
12,0,0,12,0,12,20,23,0,956,32,575,18,251,14,3,?
12,0,0,12,0,12,20,23,0,863,47,632,14,230,22,4,?
12,0,0,12,0,12,20,23,0,946,66,624,5,357,28,4,?
12,0,0,12,0,12,20,23,0,1210,68,900,21,457,23,2,?
12,0,0,12,0,12,20,23,0,992,66,692,10,333,12,3,?
12,0,0,12,0,12,20,23,0,1012,40,680,5,380,20,1,?
12,0,0,12,0,12,20,23,0,868,41,564,21,226,16,5,?
12,0,0,12,0,12,20,23,0,961,49,734,13,285,13,2,?
12,0,0,12,0,12,20,23,0,1108,32,799,7,386,39,4,?
12,0,0,12,0,12,20,23,0,930,47,598,10,351,18,4,?
12,0,0,12,0,12,20,23,0,959,60,753,7,418,35,4,?
12,0,0,12,0,12,20,23,0,1117,68,824,6,396,27,2,?
12,0,0,12,0,12,20,23,0,1010,59,593,9,326,23,4,?
12,0,0,12,0,12,20,23,0,879,47,578,8,294,14,3,?
12,0,0,12,0,12,20,23,0,986,60,630,23,314,24,2,?
12,0,0,12,0,12,20,23,0,940,57,654,20,252,36,3,?
12,0,0,12,0,12,20,23,0,922,42,709,22,238,13,4,?
12,0,0,12,0,12,20,23,0,942,35,592,10,273,25,4,?
12,0,0,12,0,12,20,23,0,1058,34,666,12,340,22,1,?
12,0,0,12,0,12,20,23,0,1495,30,1170,6,375,12,2,?
12,0,0,12,0,12,20,23,0,895,40,622,10,244,21,4,?
12,0,0,12,0,12,20,23,0,995,64,553,21,341,29,4,?
12,0,0,12,0,12,20,23,0,946,38,680,23,376,27,3,?
12,0,0,12,0,12,20,23,0,1094,33,731,6,299,15,2,?
12,0,0,12,0,12,20,23,0,1108,69,781,18,420,31,1,?
12,0,0,12,0,12,20,23,0,1009,42,731,12,337,35,3,?
12,0,0,12,0,12,20,23,0,1046,65,735,6,298,25,2,?
12,0,0,12,0,12,20,23,0,1005,35,604,11,396,15,2,?
12,0,0,12,0,12,20,23,0,964,46,644,17,368,36,1,?
12,0,0,12,0,12,20,23,0,930,38,693,17,385,13,5,?
12,0,0,12,0,12,20,23,0,957,55,561,24,374,15,4,?
12,0,0,12,0,12,20,23,0,1064,40,819,21,364,16,1,?
12,0,0,12,0,12,20,23,0,1161,32,868,24,447,24,1,?
12,0,0,12,0,12,20,23,0,998,57,631,14,345,21,2,?
12,0,0,12,0,12,20,23,0,958,34,570,15,313,24,4,?
12,0,0,12,0,12,20,23,0,957,36,681,6,368,23,2,?
12,0,0,12,0,12,20,23,0,1127,69,650,8,357,11,2,?
12,0,0,12,0,12,20,23,0,1105,35,656,22,315,25,2,?
12,0,0,12,0,12,20,23,0,1109,37,647,24,318,25,1,?
12,0,0,12,0,12,20,23,0,955,45,638,23,313,25,1,?
12,0,0,12,0,12,20,23,0,1111,42,816,6,440,31,1,?
12,0,0,12,0,12,20,23,0,1000,44,768,21,267,20,1,?
12,0,0,12,0,12,20,23,0,1122,32,697,7,354,11,2,?
12,0,0,12,0,12,20,23,0,1063,33,650,9,361,14,2,?
12,0,0,12,0,12,20,23,0,1083,66,615,19,393,25,4,?
12,0,0,12,0,12,20,23,0,1005,41,638,9,397,37,1,?
12,0,0,12,0,12,20,23,0,862,54,518,16,314,31,5,?
12,0,0,12,0,12,20,23,0,897,66,647,9,241,22,5,?
12,0,0,12,0,12,20,23,0,1235,30,804,6,409,10,1,?
12,0,0,12,0,12,20,23,0,918,51,559,19,230,20,3,?
12,0,0,12,0,12,20,23,0,1333,30,725,11,342,14,2,?
12,0,0,12,0,12,20,23,0,880,62,483,13,310,13,5,?
12,0,0,12,0,12,20,23,0,924,56,513,6,247,31,4,?
12,0,0,12,0,12,20,23,0,1124,31,874,19,407,12,4,?
12,0,0,12,0,12,20,23,0,869,41,512,18,325,30,4,?
12,0,0,12,0,12,20,23,0,1084,64,598,7,299,29,1,?
12,0,0,12,0,12,20,23,0,1016,56,550,21,263,19,4,?
12,0,0,12,0,12,20,23,0,901,58,662,17,281,22,4,?
12,0,0,12,0,12,20,23,0,1030,64,734,5,334,10,2,?
12,0,0,12,0,12,20,23,0,1159,66,754,14,335,19,1,?
12,0,0,12,0,12,20,23,0,1136,33,858,10,316,37,4,?
12,0,0,12,0,12,20,23,0,1184,68,725,8,443,35,2,?
12,0,0,12,0,12,20,23,0,1007,67,570,12,375,16,3,?
12,0,0,12,0,12,20,23,0,931,39,617,11,320,30,2,?
12,0,0,12,0,12,20,23,0,1094,30,814,6,427,30,5,?
12,0,0,12,0,12,20,23,0,1006,67,562,6,256,29,3,?
12,0,0,12,0,12,20,23,0,884,52,590,8,306,20,5,?
12,0,0,12,0,12,20,23,0,926,51,641,16,276,15,3,?
12,0,0,12,0,12,20,23,0,915,55,720,14,306,10,5,?
12,0,0,12,0,12,20,23,0,988,34,566,11,326,20,4,?
12,0,0,12,0,12,20,23,0,888,58,607,10,258,18,4,?
12,0,0,12,0,12,20,23,0,1155,66,640,23,301,32,3,?
12,0,0,12,0,12,20,23,0,864,38,556,20,302,22,4,?
12,0,0,12,0,12,20,23,0,1030,55,717,8,285,20,1,?
12,0,0,12,0,12,20,23,0,975,61,598,14,294,16,2,?
12,0,0,12,0,12,20,23,0,1053,31,643,18,275,15,2,?
12,0,0,12,0,12,20,23,0,889,56,655,5,288,31,4,?
12,0,0,12,0,12,20,23,0,865,42,644,6,336,12,4,?
12,0,0,12,0,12,20,23,0,969,52,627,19,253,17,1,?
12,0,0,12,0,12,20,23,0,1050,48,789,11,266,34,1,?
12,0,0,12,0,12,20,23,0,937,55,582,12,311,20,1,?
12,0,0,12,0,12,20,23,0,832,39,532,20,340,35,5,?
12,0,0,12,0,12,20,23,0,1146,37,642,7,311,39,1,?
12,0,0,12,0,12,20,23,0,1047,57,661,12,266,13,1,?
12,0,0,12,0,12,20,23,0,910,50,610,7,293,27,4,?
12,0,0,12,0,12,20,23,0,962,41,563,11,377,18,2,?
12,0,0,12,0,12,20,23,0,1211,69,781,8,375,12,2,?
12,0,0,12,0,12,20,23,0,903,35,500,16,336,32,5,?
12,0,0,12,0,12,20,23,0,920,44,608,10,255,15,5,?
12,0,0,12,0,12,20,23,0,1518,30,1162,10,604,14,5,?
12,0,0,12,0,12,20,23,0,1228,33,826,10,490,18,5,?
12,0,0,12,0,12,20,23,0,1176,54,905,19,507,29,3,?
12,0,0,12,0,12,20,23,0,1212,41,685,11,399,11,3,?
12,0,0,12,0,12,20,23,0,1202,65,758,7,382,38,4,?
12,0,0,12,0,12,20,23,0,1099,62,649,8,330,23,4,?
12,0,0,12,0,12,20,23,0,1165,61,640,7,383,13,5,?
12,0,0,12,0,12,20,23,0,1291,69,865,14,401,29,2,?
12,0,0,12,0,12,20,23,0,1062,60,726,12,274,19,2,?
12,0,0,12,0,12,20,23,0,1001,52,699,19,353,37,4,?
12,0,0,12,0,12,20,23,0,1021,38,678,6,352,38,5,?
12,0,0,12,0,12,20,23,0,1075,45,782,18,451,16,4,?
12,0,0,12,0,12,20,23,0,1089,60,782,8,465,39,3,?
12,0,0,12,0,12,20,23,0,1346,68,988,20,422,17,5,?
12,0,0,12,0,12,20,23,0,1120,52,610,9,337,30,4,?
12,0,0,12,0,12,20,23,0,1406,67,813,16,387,24,1,?
12,0,0,12,0,12,20,23,0,1554,35,1220,22,430,23,1,?
12,0,0,12,0,12,20,23,0,1108,33,697,8,330,27,4,?
12,0,0,12,0,12,20,23,0,1400,68,1091,20,530,21,2,?
12,0,0,12,0,12,20,23,0,1457,65,817,5,499,38,1,?
12,0,0,12,0,12,20,23,0,1368,68,819,7,399,21,4,?
12,0,0,12,0,12,20,23,0,1237,34,844,23,410,15,1,?
12,0,0,12,0,12,20,23,0,1365,69,1009,9,490,31,5,?
12,0,0,12,0,12,20,23,0,1113,37,695,11,405,34,2,?
12,0,0,12,0,12,20,23,0,1030,42,653,18,313,30,5,?
12,0,0,12,0,12,20,23,0,1048,47,657,21,383,36,2,?
12,0,0,12,0,12,20,23,0,1185,40,864,24,473,12,2,?
12,0,0,12,0,12,20,23,0,1068,60,737,10,334,11,3,?
12,0,0,12,0,12,20,23,0,920,50,612,17,320,34,4,?
12,0,0,12,0,12,20,23,0,1532,31,955,24,489,39,2,?
12,0,0,12,0,12,20,23,0,1265,67,748,13,363,15,3,?
12,0,0,12,0,12,20,23,0,1078,52,823,24,431,38,1,?
12,0,0,12,0,12,20,23,0,1156,40,735,23,303,30,1,?
12,0,0,12,0,12,20,23,0,1363,31,975,7,455,19,2,?
12,0,0,12,0,12,20,23,0,1127,61,681,21,431,17,5,?
12,0,0,12,0,12,20,23,0,1244,68,690,17,364,22,5,?
12,0,0,12,0,12,20,23,0,1157,61,708,7,352,16,5,?
12,0,0,12,0,12,20,23,0,1297,67,921,16,525,10,1,?
12,0,0,12,0,12,20,23,0,1254,65,902,23,346,12,4,?
12,0,0,12,0,12,20,23,0,1224,64,922,22,395,10,4,?
12,0,0,12,0,12,20,23,0,1260,34,843,12,464,16,1,?
12,0,0,12,0,12,20,23,0,1109,42,623,17,416,21,5,?
12,0,0,12,0,12,20,23,0,1098,36,697,14,284,23,4,?
12,0,0,12,0,12,20,23,0,994,50,665,16,354,19,1,?
12,0,0,12,0,12,20,23,0,1220,35,781,11,400,26,2,?
12,0,0,12,0,12,20,23,0,1073,52,743,7,388,39,1,?
12,0,0,12,0,12,20,23,0,1320,33,766,19,454,26,1,?
12,0,0,12,0,12,20,23,0,1056,59,642,12,308,17,3,?
12,0,0,12,0,12,20,23,0,942,50,635,13,261,33,2,?
12,0,0,12,0,12,20,23,0,1079,59,648,7,350,21,3,?
12,0,0,12,0,12,20,23,0,1582,30,1104,6,612,37,1,?
12,0,0,12,0,12,20,23,0,971,57,654,21,333,34,4,?
12,0,0,12,0,12,20,23,0,1343,65,1060,16,580,20,1,?
12,0,0,12,0,12,20,23,0,1292,42,980,18,524,11,1,?
12,0,0,12,0,12,20,23,0,1057,49,822,9,357,37,2,?
12,0,0,12,0,12,20,23,0,1357,30,921,8,514,33,2,?
12,0,0,12,0,12,20,23,0,1031,55,749,16,345,39,2,?
12,0,0,12,0,12,20,23,0,1662,30,1079,24,506,27,1,?
12,0,0,12,0,12,20,23,0,1274,41,731,11,331,34,1,?
12,0,0,12,0,12,20,23,0,1186,34,811,11,479,18,1,?
12,0,0,12,0,12,20,23,0,1076,34,677,13,356,30,5,?
12,0,0,12,0,12,20,23,0,1174,66,744,21,326,23,5,?
12,0,0,12,0,12,20,23,0,982,44,696,6,415,27,4,?
12,0,0,12,0,12,20,23,0,1174,41,670,14,336,11,5,?
12,0,0,12,0,12,20,23,0,1314,36,969,10,351,37,4,?
12,0,0,12,0,12,20,23,0,1074,54,774,12,404,35,4,?
12,0,0,12,0,12,20,23,0,1162,66,742,9,387,27,1,?
12,0,0,12,0,12,20,23,0,1511,69,1189,15,574,12,1,?
12,0,0,12,0,12,20,23,0,1202,38,930,6,488,17,5,?
12,0,0,12,0,12,20,23,0,980,44,564,8,295,32,5,?
12,0,0,12,0,12,20,23,0,1246,40,960,9,331,11,1,?
12,0,0,12,0,12,20,23,0,1074,60,638,14,352,14,3,?
12,0,0,12,0,12,20,23,0,1137,34,691,13,394,28,5,?
12,0,0,12,0,12,20,23,0,1105,60,756,11,452,20,4,?
12,0,0,12,0,12,20,23,0,1084,39,661,12,382,16,2,?
12,0,0,12,0,12,20,23,0,1753,30,1039,9,649,19,1,?
12,0,0,12,0,12,20,23,0,1241,34,692,7,430,35,4,?
12,0,0,12,0,12,20,23,0,1144,62,902,14,385,22,5,?
12,0,0,12,0,12,20,23,0,1314,33,1032,11,570,29,3,?
12,0,0,12,0,12,20,23,0,1325,39,741,18,335,28,1,?
12,0,0,12,0,12,20,23,0,1084,57,849,5,358,39,3,?
12,0,0,12,0,12,20,23,0,1070,40,630,12,310,18,3,?
12,0,0,12,0,12,20,23,0,1092,63,752,5,451,20,4,?
12,0,0,12,0,12,20,23,0,1310,67,842,22,535,11,4,?
12,0,0,12,0,12,20,23,0,1734,30,1057,8,661,25,2,?
12,0,0,12,0,12,20,23,0,1181,53,663,7,376,27,1,?
12,0,0,12,0,12,20,23,0,1202,36,904,14,354,32,5,?
12,0,0,12,0,12,20,23,0,1021,36,667,11,384,11,5,?
12,0,0,12,0,12,20,23,0,1210,68,881,18,443,27,4,?
12,0,0,12,0,12,20,23,0,1228,54,945,9,336,26,1,?
12,0,0,12,0,12,20,23,0,1027,51,619,7,389,35,2,?
12,0,0,12,0,12,20,23,0,1341,37,1014,22,579,20,2,?
12,0,0,12,0,12,20,23,0,1025,53,657,24,377,27,1,?
12,0,0,12,0,12,20,23,0,1000,60,773,20,379,30,5,?
12,0,0,12,0,12,20,23,0,1612,33,937,9,572,38,1,?
12,0,0,12,0,12,20,23,0,1023,58,723,21,365,18,5,?
12,0,0,12,0,12,20,23,0,1264,33,827,24,461,11,2,?
12,0,0,12,0,12,20,23,0,1223,67,920,22,500,38,3,?
12,0,0,12,0,12,20,23,0,1128,46,874,6,449,27,2,?
12,0,0,12,0,12,20,23,0,1000,48,713,17,416,26,4,?
12,0,0,12,0,12,20,23,0,1710,63,940,10,634,37,1,?
12,0,0,12,0,12,20,23,0,1741,68,1359,21,442,19,5,?
12,0,0,12,0,12,20,23,0,1467,32,968,23,423,10,5,?
12,0,0,12,0,12,20,23,0,1492,33,1012,19,485,11,3,?
12,0,0,12,0,12,20,23,0,1191,54,741,12,405,39,3,?
12,0,0,12,0,12,20,23,0,1305,64,966,13,442,26,4,?
12,0,0,12,0,12,20,23,0,1307,37,986,16,404,12,5,?
12,0,0,12,0,12,20,23,0,1189,43,749,16,432,25,3,?
12,0,0,12,0,12,20,23,0,1473,32,974,6,455,17,5,?
12,0,0,12,0,12,20,23,0,1426,32,867,11,548,36,5,?
12,0,0,12,0,12,20,23,0,1345,39,1024,16,489,27,3,?
12,0,0,12,0,12,20,23,0,1789,66,1293,8,530,29,1,?
12,0,0,12,0,12,20,23,0,1678,39,946,5,632,20,1,?
12,0,0,12,0,12,20,23,0,1392,64,1045,15,594,18,2,?
12,0,0,12,0,12,20,23,0,1095,54,786,14,446,25,5,?
12,0,0,12,0,12,20,23,0,1101,46,740,15,387,39,1,?
12,0,0,12,0,12,20,23,0,1222,55,952,21,434,31,3,?
12,0,0,12,0,12,20,23,0,1336,33,958,14,479,26,3,?
12,0,0,12,0,12,20,23,0,1416,69,937,12,399,26,2,?
12,0,0,12,0,12,20,23,0,1428,66,1093,22,505,20,4,?
12,0,0,12,0,12,20,23,0,1260,41,826,11,518,25,1,?
12,0,0,12,0,12,20,23,0,1194,55,815,8,339,21,3,?
12,0,0,12,0,12,20,23,0,1209,49,723,6,347,19,2,?
12,0,0,12,0,12,20,23,0,1570,37,870,5,599,38,3,?
12,0,0,12,0,12,20,23,0,1381,34,929,21,488,38,2,?
12,0,0,12,0,12,20,23,0,1167,55,857,17,462,24,1,?
12,0,0,12,0,12,20,23,0,1400,39,819,5,412,27,2,?
12,0,0,12,0,12,20,23,0,1343,40,980,6,501,22,2,?
12,0,0,12,0,12,20,23,0,1324,62,965,22,400,30,5,?
12,0,0,12,0,12,20,23,0,1657,66,926,12,620,30,4,?
12,0,0,12,0,12,20,23,0,1267,66,898,13,462,20,5,?
12,0,0,12,0,12,20,23,0,1565,66,862,21,594,20,5,?
12,0,0,12,0,12,20,23,0,1509,62,868,23,568,15,1,?
12,0,0,12,0,12,20,23,0,1082,55,738,18,320,24,3,?
12,0,0,12,0,12,20,23,0,1533,67,1204,8,439,10,4,?
12,0,0,12,0,12,20,23,0,1137,44,722,23,363,38,2,?
12,0,0,12,0,12,20,23,0,1607,34,1218,14,466,21,2,?
12,0,0,12,0,12,20,23,0,1138,44,782,16,308,11,5,?
12,0,0,12,0,12,20,23,0,1563,64,895,14,612,34,3,?
12,0,0,12,0,12,20,23,0,1139,50,623,8,434,12,4,?
12,0,0,12,0,12,20,23,0,1136,49,807,16,335,35,2,?
12,0,0,12,0,12,20,23,0,1409,64,843,11,507,12,4,?
12,0,0,12,0,12,20,23,0,1745,34,1116,13,706,30,1,?
12,0,0,12,0,12,20,23,0,1217,61,792,22,432,31,4,?
12,0,0,12,0,12,20,23,0,1759,69,998,12,643,23,4,?
12,0,0,12,0,12,20,23,0,1572,66,870,17,583,36,3,?
12,0,0,12,0,12,20,23,0,1799,63,1003,7,521,36,3,?
12,0,0,12,0,12,20,23,0,1253,40,966,10,480,18,5,?
12,0,0,12,0,12,20,23,0,1264,41,757,8,371,36,3,?
12,0,0,12,0,12,20,23,0,1679,63,1276,22,534,37,2,?
12,0,0,12,0,12,20,23,0,1521,33,890,6,441,35,3,?
12,0,0,12,0,12,20,23,0,1336,48,731,8,466,13,1,?
12,0,0,12,0,12,20,23,0,1167,43,678,11,330,38,5,?
12,0,0,12,0,12,20,23,0,1672,36,1300,10,597,24,2,?
12,0,0,12,0,12,20,23,0,1604,67,1196,18,425,18,4,?
12,0,0,12,0,12,20,23,0,1310,62,802,8,366,33,2,?
12,0,0,12,0,12,20,23,0,1408,64,817,6,508,31,2,?
12,0,0,12,0,12,20,23,0,1144,49,709,10,427,39,3,?
12,0,0,12,0,12,20,23,0,1472,33,884,20,385,27,3,?
12,0,0,12,0,12,20,23,0,1103,57,649,12,400,34,5,?
12,0,0,12,0,12,20,23,0,1400,62,789,13,506,14,5,?
12,0,0,12,0,12,20,23,0,1170,41,689,15,451,28,3,?
12,0,0,12,0,12,20,23,0,1468,39,833,17,368,37,1,?
12,0,0,12,0,12,20,23,0,1058,50,703,10,401,21,1,?
12,0,0,12,0,12,20,23,0,1582,65,1086,24,416,32,2,?
12,0,0,12,0,12,20,23,0,1323,68,926,11,457,21,4,?
12,0,0,12,0,12,20,23,0,1696,67,1086,8,679,30,1,?
12,0,0,12,0,12,20,23,0,1207,62,856,6,473,36,4,?
12,0,0,12,0,12,20,23,0,1309,34,933,18,406,38,5,?
12,0,0,12,0,12,20,23,0,1137,49,706,15,321,30,3,?
12,0,0,12,0,12,20,23,0,1604,33,943,20,551,12,1,?
12,0,0,12,0,12,20,23,0,1528,66,993,7,475,20,2,?
12,0,0,12,0,12,20,23,0,1260,40,804,13,405,23,1,?
12,0,0,12,0,12,20,23,0,1630,69,1067,5,634,18,5,?
12,0,0,12,0,12,20,23,0,1280,60,923,18,477,15,3,?
12,0,0,12,0,12,20,23,0,1538,38,1159,18,661,30,3,?
12,0,0,12,0,12,20,23,0,1407,65,910,5,512,37,3,?
12,0,0,12,0,12,20,23,0,1138,54,757,24,448,15,1,?
12,0,0,12,0,12,20,23,0,1473,39,1051,24,576,17,1,?
12,0,0,12,0,12,20,23,0,1674,32,965,8,600,13,3,?
12,0,0,12,0,12,20,23,0,1166,57,789,14,400,34,4,?
12,0,0,12,0,12,20,23,0,1611,63,1267,19,620,33,3,?
12,0,0,12,0,12,20,23,0,1082,53,678,21,350,37,3,?
12,0,0,12,0,12,20,23,0,1342,64,907,22,346,33,3,?
12,0,0,12,0,12,20,23,0,1333,60,791,10,479,21,3,?
12,0,0,12,0,12,20,23,0,1324,55,1047,5,413,19,2,?
12,0,0,12,0,12,20,23,0,1157,46,714,8,342,33,4,?
12,0,0,12,0,12,20,23,0,1475,65,1134,12,534,22,2,?
12,0,0,12,0,12,20,23,0,1509,66,868,9,416,24,4,?
12,0,0,12,0,12,20,23,0,1702,32,1030,7,504,22,2,?
12,0,0,12,0,12,20,23,0,1431,31,895,17,470,16,3,?
12,0,0,12,0,12,20,23,0,1281,54,711,21,324,22,4,?
12,0,0,12,0,12,20,23,0,1092,48,783,12,396,11,4,?
12,0,0,12,0,12,20,23,0,1236,60,739,12,336,24,4,?
12,0,0,12,0,12,20,23,0,1162,47,713,23,443,33,3,?
12,0,0,12,0,12,20,23,0,1293,58,1000,22,483,23,4,?
12,0,0,12,0,12,20,23,0,1179,59,691,12,342,12,5,?
12,0,0,12,0,12,20,23,0,1310,66,863,17,453,26,5,?
12,0,0,12,0,12,20,23,0,1313,61,801,15,371,31,3,?
12,0,0,12,0,12,20,23,0,1192,62,800,9,315,20,4,?
12,0,0,12,0,12,20,23,0,1483,63,1004,14,488,37,2,?
12,0,0,12,0,12,20,23,0,1418,49,776,18,361,12,1,?
12,0,0,12,0,12,20,23,0,1726,32,1163,14,629,19,4,?
12,0,0,12,0,12,20,23,0,1294,43,764,20,468,20,4,?
12,0,0,12,0,12,20,23,0,1346,39,803,18,448,21,3,?
12,0,0,12,0,12,20,23,0,1781,63,1285,14,489,27,3,?
12,0,0,12,0,12,20,23,0,1361,56,1004,10,511,33,4,?
12,0,0,12,0,12,20,23,0,1617,43,1274,11,566,39,4,?
12,0,0,12,0,12,20,23,0,1224,47,777,19,374,14,5,?
12,0,0,12,0,12,20,23,0,1717,62,1256,10,726,17,2,?
12,0,0,12,0,12,20,23,0,1782,37,1025,15,604,12,1,?
12,0,0,12,0,12,20,23,0,1340,57,963,8,341,25,3,?
12,0,0,12,0,12,20,23,0,1318,39,918,8,395,36,5,?
12,0,0,12,0,12,20,23,0,1724,33,1244,20,537,25,5,?
12,0,0,12,0,12,20,23,0,1423,61,939,12,431,34,3,?
12,0,0,12,0,12,20,23,0,1771,41,1283,19,445,12,1,?
12,0,0,12,0,12,20,23,0,1758,37,1184,9,515,29,1,?
12,0,0,12,0,12,20,23,0,1733,36,1252,5,640,12,2,?
12,0,0,12,0,12,20,23,0,1321,44,832,17,438,37,1,?
12,0,0,12,0,12,20,23,0,1278,53,746,18,406,22,3,?
12,0,0,12,0,12,20,23,0,1497,44,830,9,554,12,2,?
12,0,0,12,0,12,20,23,0,1345,40,958,14,543,33,5,?
12,0,0,12,0,12,20,23,0,1184,52,777,14,374,25,4,?
12,0,0,12,0,12,20,23,0,1324,45,750,6,482,28,3,?
12,0,0,12,0,12,20,23,0,1674,67,1068,13,529,39,3,?
12,0,0,12,0,12,20,23,0,1600,39,936,18,439,10,2,?
12,0,0,12,0,12,20,23,0,1351,60,913,12,495,23,1,?
12,0,0,12,0,12,20,23,0,1491,63,912,21,535,19,4,?
12,0,0,12,0,12,20,23,0,1467,65,1062,10,455,35,4,?
12,0,0,12,0,12,20,23,0,1262,53,820,5,384,19,3,?
12,0,0,12,0,12,20,23,0,1302,48,804,6,374,18,4,?
12,0,0,12,0,12,20,23,0,1336,45,824,6,369,18,1,?
12,0,0,12,0,12,20,23,0,1262,45,783,21,445,23,5,?
12,0,0,12,0,12,20,23,0,1436,58,803,16,477,10,5,?
12,0,0,12,0,12,20,23,0,1495,34,959,11,507,36,4,?
12,0,0,12,0,12,20,23,0,1255,42,862,12,363,21,3,?
12,0,0,12,0,12,20,23,0,1779,39,1069,13,500,20,1,?
12,0,0,12,0,12,20,23,0,1737,37,1076,9,639,18,3,?
12,0,0,12,0,12,20,23,0,1471,41,1061,5,558,27,4,?
12,0,0,12,0,12,20,23,0,1769,62,1063,6,529,26,3,?
12,0,0,12,0,12,20,23,0,1549,58,1172,22,635,15,3,?
12,0,0,12,0,12,20,23,0,1590,38,1153,6,611,36,5,?
12,0,0,12,0,12,20,23,0,1653,36,962,21,548,31,3,?
12,0,0,12,0,12,20,23,0,1398,43,806,17,408,23,5,?
12,0,0,12,0,12,20,23,0,1507,33,905,11,521,17,5,?
12,0,0,12,0,12,20,23,0,1733,40,1320,6,519,14,2,?
12,0,0,12,0,12,20,23,0,1351,43,889,18,375,10,2,?
12,0,0,12,0,12,20,23,0,1633,65,1090,14,550,29,2,?
12,0,0,12,0,12,20,23,0,1487,43,1165,12,571,11,3,?
12,0,0,12,0,12,20,23,0,1359,43,1036,18,356,32,3,?
12,0,0,12,0,12,20,23,0,1390,59,886,19,509,25,3,?
12,0,0,12,0,12,20,23,0,1208,57,816,21,338,16,5,?
12,0,0,12,0,12,20,23,0,1456,35,909,17,524,15,3,?
12,0,0,12,0,12,20,23,0,1583,41,980,11,629,21,1,?
12,0,0,12,0,12,20,23,0,1648,64,1161,16,668,23,2,?
12,0,0,12,0,12,20,23,0,1677,35,1079,21,516,19,2,?
12,0,0,12,0,12,20,23,0,1664,64,961,23,528,19,4,?
12,0,0,12,0,12,20,23,0,1555,60,906,20,435,32,1,?
12,0,0,12,0,12,20,23,0,1464,62,1012,21,396,12,2,?
12,0,0,12,0,12,20,23,0,1247,52,784,16,416,30,1,?
12,0,0,12,0,12,20,23,0,1259,46,899,21,407,14,5,?
12,0,0,12,0,12,20,23,0,1630,35,1149,15,444,30,1,?
12,0,0,12,0,12,20,23,0,1400,42,1027,7,543,39,1,?
12,0,0,12,0,12,20,23,0,1511,35,1041,17,557,10,2,?
12,0,0,12,0,12,20,23,0,1414,38,953,13,542,37,2,?
12,0,0,12,0,12,20,23,0,1327,45,951,18,400,22,3,?
12,0,0,12,0,12,20,23,0,1644,64,1055,6,642,22,5,?
12,0,0,12,0,12,20,23,0,1764,60,1321,22,648,12,2,?
12,0,0,12,0,12,20,23,0,1360,36,883,17,426,16,3,?
12,0,0,12,0,12,20,23,0,1315,39,906,7,486,10,5,?
12,0,0,12,0,12,20,23,0,1778,34,1332,9,569,34,4,?
12,0,0,12,0,12,20,23,0,1660,59,926,7,585,16,4,?
12,0,0,12,0,12,20,23,0,1231,48,909,9,449,13,4,?
12,0,0,12,0,12,20,23,0,1796,63,1243,9,535,33,2,?
12,0,0,12,0,12,20,23,0,1435,40,981,24,480,12,2,?
12,0,0,12,0,12,20,23,0,1624,61,910,19,526,39,5,?
12,0,0,12,0,12,20,23,0,1714,41,994,10,479,17,2,?
12,0,0,12,0,12,20,23,0,1236,50,695,11,441,26,4,?
12,0,0,12,0,12,20,23,0,1465,61,803,19,413,32,4,?
12,0,0,12,0,12,20,23,0,1280,57,748,14,482,25,5,?
12,0,0,12,0,12,20,23,0,1714,33,1103,17,564,23,5,?
12,0,0,12,0,12,20,23,0,1756,64,1344,5,583,26,4,?
12,0,0,12,0,12,20,23,0,1732,39,1310,15,635,20,3,?
12,0,0,12,0,12,20,23,0,1259,54,798,20,428,10,2,?
12,0,0,12,0,12,20,23,0,1644,63,994,5,575,18,4,?
12,0,0,12,0,12,20,23,0,1306,46,991,17,515,10,2,?
12,0,0,12,0,12,20,23,0,1717,63,1202,6,679,34,3,?
12,0,0,12,0,12,20,23,0,1716,31,1168,19,668,35,5,?
12,0,0,12,0,12,20,23,0,1736,37,1030,22,589,21,3,?
12,0,0,12,0,12,20,23,0,1702,57,1317,14,724,38,2,?
12,0,0,12,0,12,20,23,0,1614,38,1058,6,439,20,2,?
12,0,0,12,0,12,20,23,0,1277,47,944,8,471,39,3,?
12,0,0,12,0,12,20,23,0,1585,32,1049,8,439,28,4,?
12,0,0,12,0,12,20,23,0,1468,60,1120,15,553,22,1,?
12,0,0,12,0,12,20,23,0,1340,52,748,10,376,32,4,?
12,0,0,12,0,12,20,23,0,1709,34,1215,17,695,10,3,?
12,0,0,12,0,12,20,23,0,1610,62,1142,14,602,11,1,?
12,0,0,12,0,12,20,23,0,1478,61,1127,24,431,29,4,?
12,0,0,12,0,12,20,23,0,1569,58,934,8,586,11,2,?
12,0,0,12,0,12,20,23,0,1270,56,877,7,401,22,3,?
12,0,0,12,0,12,20,23,0,1798,37,1188,8,632,10,3,?
12,0,0,12,0,12,20,23,0,1721,36,1128,20,538,19,5,?
12,0,0,12,0,12,20,23,0,1478,60,962,19,386,39,4,?
12,0,0,12,0,12,20,23,0,1742,60,1245,15,570,25,1,?
12,0,0,12,0,12,20,23,0,1420,57,874,20,411,18,4,?
12,0,0,12,0,12,20,23,0,1599,58,1168,12,575,19,4,?
12,0,0,12,0,12,20,23,0,1784,46,991,9,455,28,5,?
12,0,0,12,0,12,20,23,0,1467,58,1055,20,425,39,5,?
12,0,0,12,0,12,20,23,0,1536,55,968,12,411,11,2,?
12,0,0,12,0,12,20,23,0,1395,45,960,16,569,30,2,?
12,0,0,12,0,12,20,23,0,1519,43,1163,17,479,23,2,?
12,0,0,12,0,12,20,23,0,1791,38,1183,5,665,28,2,?
12,0,0,12,0,12,20,23,0,1726,60,1026,11,591,39,2,?
12,0,0,12,0,12,20,23,0,1722,56,1346,8,548,20,1,?
12,0,0,12,0,12,20,23,0,1439,49,1080,20,507,33,2,?
12,0,0,12,0,12,20,23,0,1721,38,1191,9,567,32,5,?
12,0,0,12,0,12,20,23,0,1653,36,1063,18,447,24,4,?
12,0,0,12,0,12,20,23,0,1672,47,976,8,650,39,3,?
12,0,0,12,0,12,20,23,0,1272,50,786,20,470,22,3,?
12,0,0,12,0,12,20,23,0,1404,51,1050,14,529,38,4,?
12,0,0,12,0,12,20,23,0,1788,38,1224,22,724,17,5,?
12,0,0,12,0,12,20,23,0,1588,57,1035,13,624,20,1,?
12,0,0,12,0,12,20,23,0,1615,62,1110,17,608,17,4,?
12,0,0,12,0,12,20,23,0,1378,53,837,20,441,13,3,?
12,0,0,12,0,12,20,23,0,1789,54,1359,20,622,35,1,?
12,0,0,12,0,12,20,23,0,1673,36,1049,18,596,26,5,?
12,0,0,12,0,12,20,23,0,1342,45,916,18,454,36,2,?
12,0,0,12,0,12,20,23,0,1520,56,851,12,503,25,1,?
12,0,0,12,0,12,20,23,0,1769,60,1268,11,553,11,3,?
12,0,0,12,0,12,20,23,0,1394,50,810,10,544,17,1,?
12,0,0,12,0,12,20,23,0,1415,47,1052,9,509,19,3,?
12,0,0,12,0,12,20,23,0,1637,41,1177,20,591,21,4,?
12,0,0,12,0,12,20,23,0,1490,44,886,12,408,17,5,?
12,0,0,12,0,12,20,23,0,1498,42,940,16,445,15,3,?
12,0,0,12,0,12,20,23,0,1482,54,830,18,556,15,3,?
12,0,0,12,0,12,20,23,0,1409,51,874,19,561,34,3,?
12,0,0,12,0,12,20,23,0,1424,54,1006,5,456,18,1,?
12,0,0,12,0,12,20,23,0,1324,54,834,24,376,12,5,?
12,0,0,12,0,12,20,23,0,1758,55,1350,15,534,32,2,?
12,0,0,12,0,12,20,23,0,1576,50,861,5,398,14,3,?
12,0,0,12,0,12,20,23,0,1546,42,986,9,473,15,3,?
12,0,0,12,0,12,20,23,0,1597,46,1247,8,553,36,5,?
12,0,0,12,0,12,20,23,0,1413,48,1103,19,417,30,5,?
12,0,0,12,0,12,20,23,0,1533,53,871,7,594,14,1,?
12,0,0,12,0,12,20,23,0,1718,37,1149,8,653,24,2,?
12,0,0,12,0,12,20,23,0,1575,38,1020,7,510,27,3,?
12,0,0,12,0,12,20,23,0,1394,50,1048,21,581,19,5,?
12,0,0,12,0,12,20,23,0,1390,59,871,15,493,11,4,?
12,0,0,12,0,12,20,23,0,1741,41,1143,15,689,14,1,?
12,0,0,12,0,12,20,23,0,1734,58,1028,6,593,38,4,?
12,0,0,12,0,12,20,23,0,1458,53,809,14,434,10,2,?
12,0,0,12,0,12,20,23,0,1428,40,955,23,397,21,5,?
12,0,0,12,0,12,20,23,0,1703,64,1124,17,610,10,5,?
12,0,0,12,0,12,20,23,0,1391,47,979,14,370,36,3,?
12,0,0,12,0,12,20,23,0,1530,35,982,18,513,19,5,?
12,0,0,12,0,12,20,23,0,1441,48,816,18,513,34,3,?
12,0,0,12,0,12,20,23,0,1372,44,876,22,552,16,4,?
12,0,0,12,0,12,20,23,0,1360,54,835,21,377,29,5,?
12,0,0,12,0,12,20,23,0,1487,51,891,7,380,20,2,?
12,0,0,12,0,12,20,23,0,1430,48,834,11,539,32,5,?
12,0,0,12,0,12,20,23,0,1601,54,1214,23,451,21,2,?
12,0,0,12,0,12,20,23,0,1560,60,1021,16,633,28,4,?
12,0,0,12,0,12,20,23,0,1523,49,852,8,424,12,1,?
12,0,0,12,0,12,20,23,0,1631,59,957,16,616,17,4,?
12,0,0,12,0,12,20,23,0,1404,55,805,16,489,32,3,?
12,0,0,12,0,12,20,23,0,1488,45,1042,24,627,22,4,?
12,0,0,12,0,12,20,23,0,1507,43,1120,21,431,23,2,?
12,0,0,12,0,12,20,23,0,1561,54,1143,7,634,11,4,?
12,0,0,12,0,12,20,23,0,1443,49,786,13,514,27,2,?
12,0,0,12,0,12,20,23,0,1377,50,984,23,499,37,2,?
12,0,0,12,0,12,20,23,0,1531,52,883,5,446,21,2,?
12,0,0,12,0,12,20,23,0,1258,55,846,9,411,16,5,?
12,0,0,12,0,12,20,23,0,1347,57,900,21,354,20,4,?
12,0,0,12,0,12,20,23,0,1691,42,1191,17,619,32,2,?
12,0,0,12,0,12,20,23,0,1439,44,821,16,553,31,5,?
12,0,0,12,0,12,20,23,0,1665,39,1223,17,625,11,5,?
12,0,0,12,0,12,20,23,0,1480,45,1095,6,395,34,3,?
12,0,0,12,0,12,20,23,0,1661,44,943,13,497,11,5,?
12,0,0,12,0,12,20,23,0,1742,42,1057,17,626,27,2,?
12,0,0,12,0,12,20,23,0,1572,40,1011,8,471,27,4,?
12,0,0,12,0,12,20,23,0,1560,41,1097,15,456,27,1,?
12,0,0,12,0,12,20,23,0,1523,58,896,10,483,29,4,?
12,0,0,12,0,12,20,23,0,1630,57,959,6,497,27,2,?
12,0,0,12,0,12,20,23,0,1602,58,1161,11,588,19,5,?
12,0,0,12,0,12,20,23,0,1777,38,1202,7,534,24,2,?
12,0,0,12,0,12,20,23,0,1619,55,907,9,524,19,5,?
12,0,0,12,0,12,20,23,0,1712,45,961,7,622,32,4,?
12,0,0,12,0,12,20,23,0,1627,53,1222,10,699,21,3,?
12,0,0,12,0,12,20,23,0,1590,51,1247,8,655,38,2,?
12,0,0,12,0,12,20,23,0,1603,41,1142,10,555,32,3,?
12,0,0,12,0,12,20,23,0,1519,41,971,24,403,12,3,?
12,0,0,12,0,12,20,23,0,1522,46,1104,6,395,16,4,?
12,0,0,12,0,12,20,23,0,1334,45,828,11,343,15,5,?
12,0,0,12,0,12,20,23,0,1589,60,923,15,616,29,5,?
12,0,0,12,0,12,20,23,0,1711,40,1237,11,449,31,3,?
12,0,0,12,0,12,20,23,0,1782,61,1112,20,536,21,2,?
12,0,0,12,0,12,20,23,0,1562,49,1179,10,393,26,2,?
12,0,0,12,0,12,20,23,0,1661,44,931,12,555,11,4,?
12,0,0,12,0,12,20,23,0,1699,43,1011,13,526,13,2,?
12,0,0,12,0,12,20,23,0,1505,43,946,15,599,25,1,?
12,0,0,12,0,12,20,23,0,1661,53,956,19,630,25,2,?
12,0,0,12,0,12,20,23,0,1628,54,993,19,462,12,3,?
12,0,0,12,0,12,20,23,0,1616,45,1102,8,564,26,1,?
12,0,0,12,0,12,20,23,0,1744,59,1108,6,508,21,5,?
12,0,0,12,0,12,20,23,0,1476,47,1099,10,381,25,4,?
12,0,0,12,0,12,20,23,0,1507,59,1017,9,380,29,5,?
12,0,0,12,0,12,20,23,0,1734,46,1278,7,716,21,4,?
12,0,0,12,0,12,20,23,0,1782,41,1201,18,551,16,4,?
12,0,0,12,0,12,20,23,0,1434,49,1025,18,568,19,3,?
12,0,0,12,0,12,20,23,0,1621,46,1144,9,658,20,1,?
12,0,0,12,0,12,20,23,0,1338,49,875,9,491,26,5,?
12,0,0,12,0,12,20,23,0,1543,45,927,19,575,28,3,?
12,0,0,12,0,12,20,23,0,1540,59,996,9,580,32,5,?
12,0,0,12,0,12,20,23,0,1593,46,1180,6,467,17,5,?
12,0,0,12,0,12,20,23,0,1655,50,1140,6,665,34,1,?
12,0,0,12,0,12,20,23,0,1704,51,959,8,555,16,2,?
12,0,0,12,0,12,20,23,0,1525,56,1044,15,448,14,5,?
12,0,0,12,0,12,20,23,0,1799,50,1060,12,709,18,1,?
12,0,0,12,0,12,20,23,0,1579,51,1114,24,413,11,5,?
12,0,0,12,0,12,20,23,0,1689,48,959,16,517,24,2,?
12,0,0,12,0,12,20,23,0,1480,51,924,15,372,28,2,?
12,0,0,12,0,12,20,23,0,1761,51,1055,7,524,37,3,?
12,0,0,12,0,12,20,23,0,1545,57,1085,17,508,31,5,?
12,0,0,12,0,12,20,23,0,1695,46,977,13,530,10,4,?
12,0,0,12,0,12,20,23,0,1662,50,955,19,614,34,1,?
12,0,0,12,0,12,20,23,0,1657,45,1136,14,656,29,2,?
12,0,0,12,0,12,20,23,0,1648,45,1184,13,462,20,5,?
12,0,0,12,0,12,20,23,0,1729,51,1330,5,512,32,5,?
12,0,0,12,0,12,20,23,0,1381,46,906,11,463,30,2,?
12,0,0,12,0,12,20,23,0,1646,55,1062,9,650,20,3,?
12,0,0,12,0,12,20,23,0,1757,55,1267,14,700,24,1,?
12,0,0,12,0,12,20,23,0,1640,52,1224,18,619,36,4,?
12,0,0,12,0,12,20,23,0,1782,49,1343,6,757,37,4,?
12,0,0,12,0,12,20,23,0,1437,51,1017,24,606,38,4,?
12,0,0,12,0,12,20,23,0,1756,47,1358,21,525,31,4,?
12,0,0,12,0,12,20,23,0,1695,51,983,20,584,31,2,?
12,0,0,12,0,12,20,23,0,1505,58,991,11,482,17,4,?
12,0,0,12,0,12,20,23,0,1702,51,1255,22,580,20,1,?
12,0,0,12,0,12,20,23,0,1619,48,1198,13,684,21,2,?
12,0,0,12,0,12,20,23,0,1528,54,1112,10,500,27,1,?
12,0,0,12,0,12,20,23,0,1745,48,1350,23,598,36,5,?
12,0,0,12,0,12,20,23,0,1772,49,1309,15,728,30,1,?
12,0,0,12,0,12,20,23,0,1634,58,1102,21,624,21,4,?
12,0,0,12,0,12,20,23,0,1707,58,1185,17,484,15,4,?
12,0,0,12,0,12,20,23,0,1654,55,1093,11,496,37,2,?
12,0,0,12,0,12,20,23,0,1451,43,917,18,532,10,5,?
12,0,0,12,0,12,20,23,0,1499,48,1025,24,497,26,1,?
12,0,0,12,0,12,20,23,0,1682,57,1203,23,507,10,5,?
12,0,0,12,0,12,20,23,0,1744,51,1285,9,464,15,2,?
12,0,0,12,0,12,20,23,0,1677,46,963,12,567,17,5,?
12,0,0,12,0,12,20,23,0,1786,47,1342,7,594,30,2,?
12,0,0,12,0,12,20,23,0,1492,57,1004,22,400,37,5,?
12,0,0,12,0,12,20,23,0,1505,45,947,16,496,17,2,?
12,0,0,12,0,12,20,23,0,1776,54,1098,5,705,19,4,?
12,0,0,12,0,12,20,23,0,1385,51,864,14,435,34,5,?
12,0,0,12,0,12,20,23,0,1503,54,959,8,406,29,1,?
12,0,0,12,0,12,20,23,0,1728,50,1321,20,735,21,1,?
12,0,0,12,0,12,20,23,0,1584,54,1016,23,559,34,1,?
12,0,0,12,0,12,20,23,0,1517,51,848,8,408,29,5,?
12,0,0,12,0,12,20,23,0,1727,55,1078,13,474,29,1,?
12,0,0,12,0,12,20,23,0,1696,55,1019,13,540,28,4,?
12,0,0,12,0,12,20,23,0,1689,47,1229,13,658,10,1,?
12,0,0,12,0,12,20,23,0,1704,43,1057,22,565,29,4,?
12,0,0,12,0,12,20,23,0,1478,53,1093,11,372,30,5,?
12,0,0,12,0,12,20,23,0,1648,50,902,10,635,20,3,?
12,0,0,12,0,12,20,23,0,1504,52,873,16,517,39,2,?
12,0,0,12,0,12,20,23,0,1700,54,1303,18,429,24,4,?
12,0,0,12,0,12,20,23,0,1520,50,1123,20,560,14,4,?
12,0,0,12,0,12,20,23,0,1641,45,1067,5,617,17,2,?
12,0,0,12,0,12,20,23,0,1730,46,1215,10,514,13,2,?
12,0,0,12,0,12,20,23,0,1771,52,1009,21,465,32,5,?
12,0,0,12,0,12,20,23,0,1491,56,945,11,495,28,2,?
12,0,0,12,0,12,20,23,0,1629,42,1122,10,556,32,1,?
12,0,0,12,0,12,20,23,0,1549,42,1021,22,521,10,3,?
12,0,0,12,0,12,20,23,0,1570,48,1170,11,454,10,4,?
12,0,0,12,0,12,20,23,0,1745,59,1111,24,640,19,5,?
12,0,0,12,0,12,20,23,0,1448,51,984,7,551,16,3,?
12,0,0,12,0,12,20,23,0,1652,54,1024,5,581,14,4,?
12,0,0,12,0,12,20,23,0,1534,49,1085,14,644,32,1,?
12,0,0,12,0,12,20,23,0,1633,45,1159,11,602,14,3,?
12,0,0,12,0,12,20,23,0,1763,49,1052,23,622,12,1,?
12,0,0,12,0,12,20,23,0,1514,46,1112,17,618,35,5,?
12,0,0,12,0,12,20,23,0,1794,58,1246,16,732,26,5,?
12,0,0,12,0,12,20,23,0,1608,47,1114,7,593,29,3,?
12,0,0,12,0,12,20,23,0,1795,45,1141,9,582,16,2,?
12,0,0,12,0,12,20,23,0,1472,55,1041,19,496,18,4,?
12,0,0,12,0,12,20,23,0,1575,45,1088,5,497,27,1,?
12,0,0,12,0,12,20,23,0,1597,56,958,10,495,21,3,?
12,0,0,12,0,12,20,23,0,1712,54,1268,17,735,20,5,?
12,0,0,12,0,12,20,23,0,1447,52,920,11,408,14,2,?
12,0,0,12,0,12,20,23,0,1648,53,1271,11,511,35,3,?
12,0,0,12,0,12,20,23,0,1632,43,932,13,538,32,5,?
12,0,0,12,0,12,20,23,0,1439,52,888,10,375,15,5,?
12,0,0,12,0,12,20,23,0,1418,49,972,21,411,31,1,?
12,0,0,12,0,12,20,23,0,1587,52,1083,22,622,31,1,?
12,0,0,12,0,12,20,23,0,1520,54,1075,20,580,11,4,?
12,0,0,12,0,12,20,23,0,1502,42,998,23,530,12,5,?
12,0,0,12,0,12,20,23,0,1683,45,1057,24,428,28,2,?
12,0,0,12,0,12,20,23,0,1787,58,1208,18,715,12,4,?
12,0,0,12,0,12,20,23,0,1544,49,895,9,588,23,4,?
12,0,0,12,0,12,20,23,0,1494,54,1016,19,373,27,5,?
12,0,0,12,0,12,20,23,0,1697,50,1266,11,574,23,1,?
12,0,0,12,0,12,20,23,0,1780,43,1174,19,662,25,4,?
12,0,0,12,0,12,20,23,0,1728,46,1148,15,534,10,1,?
12,0,0,12,0,12,20,23,0,1711,57,1129,20,593,35,4,?
12,0,0,12,0,12,20,23,0,1753,50,1301,5,635,36,4,?
12,0,0,12,0,12,20,23,0,1576,51,1025,11,644,34,3,?
12,0,0,12,0,12,20,23,0,1760,53,1260,5,605,20,3,?
12,0,0,12,0,12,20,23,0,1503,49,930,14,438,25,4,?
12,0,0,12,0,12,20,23,0,1780,42,1213,16,630,18,3,?
12,0,0,12,0,12,20,23,0,1743,53,1219,21,637,20,4,?
12,0,0,12,0,12,20,23,0,1610,52,1057,18,645,19,3,?
12,0,0,12,0,12,20,23,0,1659,50,1025,5,495,26,3,?
12,0,0,12,0,12,20,23,0,1525,52,970,20,611,32,4,?
12,0,0,12,0,12,20,23,0,1733,45,1030,12,557,29,5,?
12,0,0,12,0,12,20,23,0,1702,56,1154,13,557,17,2,?
12,0,0,12,0,12,20,23,0,1578,45,1045,13,471,18,5,?
12,0,0,12,0,12,20,23,0,1587,58,1063,17,470,29,5,?
12,0,0,12,0,12,20,23,0,1582,47,984,19,495,29,2,?
12,0,0,12,0,12,20,23,0,1458,51,943,20,489,31,5,?
12,0,0,12,0,12,20,23,0,1752,51,1287,8,552,37,5,?
12,0,0,12,0,12,20,23,0,1688,45,1041,17,673,27,5,?
12,0,0,12,0,12,20,23,0,1492,50,1057,21,528,22,1,?
12,0,0,12,0,12,20,23,0,1762,46,1299,10,610,18,5,?
12,0,0,12,0,12,20,23,0,1545,50,1152,10,497,22,3,?
12,0,0,12,0,12,20,23,0,1656,51,1021,16,628,20,4,?
12,0,0,12,0,12,20,23,0,1709,46,1032,16,590,23,5,?
12,0,0,12,0,12,20,23,0,1791,55,1213,6,617,33,4,?
12,0,0,12,0,12,20,23,0,1618,49,1002,10,500,12,3,?
12,0,0,12,0,12,20,23,0,1493,45,987,17,502,19,5,?
12,0,0,12,0,12,20,23,0,1781,48,1341,7,550,28,5,?
12,0,0,12,0,12,20,23,0,1749,52,1065,6,624,19,3,?
12,0,0,12,0,12,20,23,0,1547,49,1012,24,540,18,4,?
12,0,0,12,0,12,20,23,0,1599,50,1156,17,590,34,4,?
12,0,0,12,0,12,20,23,0,1564,48,1021,14,483,22,2,?
12,0,0,12,0,12,20,23,0,1691,52,1240,18,540,26,3,?
12,0,0,12,0,12,20,23,0,1739,51,1214,16,692,38,3,?
12,0,0,12,0,12,20,23,0,1717,46,1092,18,606,21,3,?
12,0,0,12,0,12,20,23,0,1628,53,1154,17,620,10,4,?
12,0,0,12,0,12,20,23,0,1687,50,1016,21,454,23,4,?
12,0,0,12,0,12,20,23,0,1748,54,1075,21,669,25,4,?
12,0,0,12,0,12,20,23,0,1582,49,1143,15,604,30,3,?
12,0,0,12,0,12,20,23,0,1791,53,1045,6,639,28,5,?
12,0,0,12,0,12,20,23,0,1492,52,1026,19,510,14,4,?
12,0,0,12,0,12,20,23,0,1799,51,1285,7,653,21,2,?
12,0,0,12,0,12,20,23,0,1794,46,1251,14,742,29,5,?
12,0,0,12,0,12,20,23,0,1472,52,995,5,573,20,5,?
12,0,0,12,0,12,20,23,0,1784,52,1211,12,689,38,2,?
12,0,0,12,0,12,20,23,0,1653,46,1125,11,465,31,2,?
12,0,0,12,0,12,20,23,0,1579,46,1076,20,425,35,5,?
12,0,0,12,0,12,20,23,0,1673,50,1045,13,597,35,1,?
12,0,0,12,0,12,20,23,0,1511,49,916,15,436,31,2,?
12,0,0,12,0,12,20,23,0,1713,51,1207,19,447,19,1,?
12,0,0,12,0,12,20,23,0,1746,50,1250,10,491,12,3,?
12,0,0,12,0,12,20,23,0,1560,47,1019,24,441,20,4,?
12,0,0,12,0,12,20,23,0,1692,51,1080,15,680,11,4,?
12,0,0,12,0,12,20,23,0,1702,46,1061,13,448,33,5,?
12,0,0,12,0,12,20,23,0,1583,55,1060,14,480,38,4,?
12,0,0,12,0,12,20,23,0,1771,46,1225,24,562,28,5,?
12,0,0,12,0,12,20,23,0,1795,44,1125,14,714,27,4,?
12,0,0,12,0,12,20,23,0,1735,51,1237,6,605,37,1,?
12,0,0,12,0,12,20,23,0,1736,50,1234,21,686,34,3,?
12,0,0,12,0,12,20,23,0,1742,47,1215,18,453,38,3,?
12,0,0,12,0,12,20,23,0,1667,47,1114,8,473,14,1,?
12,0,0,12,0,12,20,23,0,1630,52,1033,6,527,33,3,?
12,0,0,12,0,12,20,23,0,1766,46,1100,9,508,10,4,?
12,0,0,12,0,12,20,23,0,1442,53,935,23,485,24,5,?
12,0,0,12,0,12,20,23,0,1695,46,1013,15,555,18,5,?
12,0,0,12,0,12,20,23,0,1566,54,1044,10,452,32,3,?
12,0,0,12,0,12,20,23,0,1721,43,1147,16,608,31,3,?
12,0,0,12,0,12,20,23,0,1780,51,1273,8,737,12,5,?
12,0,0,12,0,12,20,23,0,1755,49,1237,9,510,15,1,?
12,0,0,12,0,12,20,23,0,1625,49,1051,19,516,11,2,?
12,0,0,12,0,12,20,23,0,1764,54,1060,13,668,34,4,?
12,0,0,12,0,12,20,23,0,1615,47,1036,7,561,22,2,?
12,0,0,12,0,12,20,23,0,1795,54,1216,7,625,17,4,?
12,0,0,12,0,12,20,23,0,1671,52,1211,12,658,29,4,?
12,0,0,12,0,12,20,23,0,1575,48,1079,10,551,38,4,?
12,0,0,12,0,12,20,23,0,1691,53,1043,11,566,15,2,?
12,0,0,12,0,12,20,23,0,1570,53,1074,15,577,34,3,?
12,0,0,12,0,12,20,23,0,1719,47,1067,19,598,23,4,?
12,0,0,12,0,12,20,23,0,1715,47,1123,20,578,10,3,?
12,0,0,12,0,12,20,23,0,1469,50,938,18,592,27,4,?
12,0,0,12,0,12,20,23,0,1724,46,1046,19,559,38,4,?
12,0,0,12,0,12,20,23,0,1386,50,901,18,506,22,4,?
12,0,0,12,0,12,20,23,0,1754,52,1249,21,518,32,1,?
12,0,0,12,0,12,20,23,0,1669,49,1253,19,586,19,5,?
12,0,0,12,0,12,20,23,0,1633,44,1122,16,417,22,4,?
12,0,0,12,0,12,20,23,0,1652,56,1096,12,490,37,5,?
12,0,0,12,0,12,20,23,0,1798,59,1186,14,613,30,3,?
12,0,0,12,0,12,20,23,0,1456,54,960,19,423,30,5,?
12,0,0,12,0,12,20,23,0,1618,51,1126,20,545,12,2,?
12,0,0,12,0,12,20,23,0,1736,50,1124,10,453,16,1,?
12,0,0,12,0,12,20,23,0,1644,50,1175,12,679,21,5,?
12,0,0,12,0,12,20,23,0,1674,52,1015,14,470,31,2,?
12,0,0,12,0,12,20,23,0,1563,52,999,13,560,16,4,?
12,0,0,12,0,12,20,23,0,1645,52,1121,8,656,26,1,?
12,0,0,12,0,12,20,23,0,1785,48,1235,21,683,39,3,?
12,0,0,12,0,12,20,23,0,1503,49,943,13,541,28,3,?
12,0,0,12,0,12,20,23,0,1639,49,1077,7,412,22,1,?
12,0,0,12,0,12,20,23,0,1505,50,957,15,520,35,2,?
12,0,0,12,0,12,20,23,0,1587,51,1062,5,515,32,5,?
12,0,0,12,0,12,20,23,0,1775,50,1150,11,635,17,2,?
12,0,0,12,0,12,20,23,0,1510,50,1015,17,543,26,5,?
12,0,0,12,0,12,20,23,0,1484,52,989,15,597,30,5,?
12,0,0,12,0,12,20,23,0,1682,49,1156,15,548,27,3,?
12,0,0,12,0,12,20,23,0,1782,52,1134,18,595,31,2,?
12,0,0,12,0,12,20,23,0,1626,51,1026,21,532,18,5,?
12,0,0,12,0,12,20,23,0,1731,52,1141,16,454,30,2,?
12,0,0,12,0,12,20,23,0,1613,51,1057,14,470,14,2,?
12,0,0,12,0,12,20,23,0,1742,47,1134,16,439,27,5,?
12,0,0,12,0,12,20,23,0,1744,48,1183,23,577,10,5,?
12,0,0,12,0,12,20,23,0,1665,51,1166,7,550,39,5,?
12,0,0,12,0,12,20,23,0,1626,50,1166,15,628,38,5,?
12,0,0,12,0,12,20,23,0,1754,47,1183,16,677,27,2,?
12,0,0,12,0,12,20,23,0,1602,49,1054,21,498,23,4,?
12,0,0,12,0,12,20,23,0,1781,47,1175,17,688,37,5,?
12,0,0,12,0,12,20,23,0,1702,49,1006,15,585,30,5,?
12,0,0,12,0,12,20,23,0,1763,50,1235,19,700,32,3,?
12,0,0,12,0,12,20,23,0,1650,50,1069,14,418,12,3,?
12,0,0,12,0,12,20,23,0,1535,48,993,16,529,25,5,?
12,0,0,12,0,12,20,23,0,1744,50,1157,12,671,39,1,?
12,0,0,12,0,12,20,23,0,1795,51,1242,5,566,31,3,?
12,0,0,12,0,12,20,23,0,1628,49,1102,11,624,10,5,?
12,0,0,12,0,12,20,23,0,1788,50,1162,6,461,32,5,?
12,0,0,12,0,12,20,23,0,1782,46,1199,18,582,18,2,?
12,0,0,12,0,12,20,23,0,1549,49,1072,17,513,26,2,?
12,0,0,12,0,12,20,23,0,1792,48,1188,22,635,22,2,?
12,0,0,12,0,12,20,23,0,1771,50,1189,9,528,22,2,?
12,0,0,12,0,12,20,23,0,1759,53,1207,15,535,16,5,?
12,0,0,12,0,12,20,23,0,1722,53,1157,19,556,27,3,?
12,0,0,12,0,12,20,23,0,1621,52,1063,10,536,15,4,?
12,0,0,12,0,12,20,23,0,1787,52,1225,6,651,21,4,?
12,0,0,12,0,12,20,23,0,1782,48,1192,18,650,22,1,?
12,0,0,12,0,12,20,23,0,1784,51,1183,24,606,32,2,?
12,0,0,12,0,12,20,23,0,1613,50,1034,9,479,27,3,?
12,0,0,12,0,12,20,23,0,1664,51,1134,18,508,36,2,?
12,0,0,12,0,12,20,23,0,1765,47,1184,17,620,11,2,?
12,0,0,12,0,12,20,23,0,1665,47,1096,15,588,11,5,?
12,0,0,12,0,12,20,23,0,1767,50,1121,11,635,23,5,?
12,0,0,12,0,12,20,23,0,1740,52,1178,16,636,39,1,?
12,0,0,12,0,12,20,23,0,1772,54,1116,17,657,22,5,?
12,0,0,12,0,12,20,23,0,1730,47,1146,16,647,24,2,?
12,0,0,12,0,12,20,23,0,1774,50,1223,6,670,21,3,?
12,0,0,12,0,12,20,23,0,1752,50,1184,21,481,33,3,?
12,0,0,12,0,12,20,23,0,1620,54,1084,21,580,27,5,?
12,0,0,12,0,12,20,23,0,1725,50,1222,17,596,30,2,?
12,0,0,12,0,12,20,23,0,1761,51,1173,12,723,11,5,?
12,0,0,12,0,12,20,23,0,1755,50,1106,18,567,19,3,?
12,0,0,12,0,12,20,23,0,1716,51,1137,21,538,16,1,?
12,0,0,12,0,12,20,23,0,1789,50,1190,8,740,31,3,?
12,0,0,12,0,12,20,23,0,1737,55,1174,15,638,35,5,?
12,0,0,12,0,12,20,23,0,1757,50,1162,18,703,27,3,?
12,0,0,12,0,12,20,23,0,1674,49,1105,8,559,39,2,?
12,0,0,12,0,12,20,23,0,1616,49,1034,15,637,26,5,?
12,0,0,12,0,12,20,23,0,1557,53,1056,15,554,33,5,?
12,0,0,12,0,12,20,23,0,1761,52,1196,16,636,31,5,?
12,0,0,12,0,12,20,23,0,1695,52,1123,22,567,30,4,?
12,0,0,12,0,12,20,23,0,1660,52,1089,16,528,29,1,?
12,0,0,12,0,12,20,23,0,1651,48,1067,21,519,27,5,?
12,0,0,12,0,12,20,23,0,1743,50,1150,18,477,28,2,?
12,0,0,12,0,12,20,23,0,1722,51,1150,11,462,25,1,?
12,0,0,12,0,12,20,23,0,1696,48,1112,21,460,32,5,?
12,0,0,12,0,12,20,23,0,1607,50,1038,18,552,25,1,?
12,0,0,12,0,12,20,23,0,1789,49,1242,12,643,11,4,?
12,0,0,12,0,12,20,23,0,1658,51,1086,23,618,18,4,?
12,0,0,12,0,12,20,23,0,1696,49,1170,8,568,31,3,?
12,0,0,12,0,12,20,23,0,1685,52,1128,11,489,13,5,?
12,0,0,12,0,12,20,23,0,1664,52,1094,15,539,35,3,?
12,0,0,12,0,12,20,23,0,1630,52,1040,11,588,30,5,?
12,0,0,12,0,12,20,23,0,1718,51,1107,12,640,28,1,?
12,0,0,12,0,12,20,23,0,1574,50,1058,21,439,38,5,?
12,0,0,12,0,12,20,23,0,1777,46,1206,16,634,27,3,?
12,0,0,12,0,12,20,23,0,1729,47,1121,18,635,11,5,?
12,0,0,12,0,12,20,23,0,1728,50,1096,7,523,25,3,?
12,0,0,12,0,12,20,23,0,1485,50,984,13,467,18,1,?
12,0,0,12,0,12,20,23,0,1511,51,986,19,466,27,4,?
12,0,0,12,0,12,20,23,0,1771,57,1178,16,605,36,5,?
12,0,0,12,0,12,20,23,0,1643,49,1062,14,609,20,3,?
12,0,0,12,0,12,20,23,0,1494,50,980,16,425,13,3,?
12,0,0,12,0,12,20,23,0,1657,52,1074,23,496,20,5,?
12,0,0,12,0,12,20,23,0,1765,49,1156,13,656,13,4,?
12,0,0,12,0,12,20,23,0,1786,53,1158,12,485,19,4,?
12,0,0,12,0,12,20,23,0,1701,51,1199,19,611,29,5,?
12,0,0,12,0,12,20,23,0,1790,50,1236,8,726,32,5,?
12,0,0,12,0,12,20,23,0,1704,51,1156,19,657,22,2,?
12,0,0,12,0,12,20,23,0,1769,49,1134,17,646,33,4,?
12,0,0,12,0,12,20,23,0,1676,50,1080,9,591,15,2,?
12,0,0,12,0,12,20,23,0,1556,51,1050,14,615,37,5,?
12,0,0,12,0,12,20,23,0,1696,47,1105,16,481,15,5,?
12,0,0,12,0,12,20,23,0,1707,48,1174,14,542,17,3,?
12,0,0,12,0,12,20,23,0,1715,48,1097,12,606,17,4,?
12,0,0,12,0,12,20,23,0,1669,51,1073,16,605,27,2,?
12,0,0,12,0,12,20,23,0,1742,53,1158,12,544,29,3,?
12,0,0,12,0,12,20,23,0,1699,51,1169,13,594,35,3,?
12,0,0,12,0,12,20,23,0,1618,49,1069,7,467,18,5,?
12,0,0,12,0,12,20,23,0,1674,50,1184,16,459,36,5,?
12,0,0,12,0,12,20,23,0,1738,50,1162,19,523,24,1,?
12,0,0,12,0,12,20,23,0,1784,47,1230,13,588,20,2,?
12,0,0,12,0,12,20,23,0,1673,50,1097,19,599,32,4,?
12,0,0,12,0,12,20,23,0,1759,48,1148,15,587,23,3,?
12,0,0,12,0,12,20,23,0,1689,50,1126,19,553,28,3,?
12,0,0,12,0,12,20,23,0,1692,50,1184,13,566,17,5,?
12,0,0,12,0,12,20,23,0,1720,51,1149,14,598,17,3,?
12,0,0,12,0,12,20,23,0,1654,49,1117,17,545,34,5,?
12,0,0,12,0,12,20,23,0,1747,51,1179,11,533,12,5,?
12,0,0,12,0,12,20,23,0,1592,50,1035,14,505,26,4,?
12,0,0,12,0,12,20,23,0,1789,50,1176,15,553,10,5,?
12,0,0,12,0,12,20,23,0,1795,50,1192,16,603,17,2,?
12,0,0,12,0,12,20,23,0,1744,51,1178,14,576,22,3,?
12,0,0,12,0,12,20,23,0,1645,50,1095,17,539,10,4,?
12,0,0,12,0,12,20,23,0,1750,49,1151,17,630,32,4,?
12,0,0,12,0,12,20,23,0,1675,51,1110,19,532,27,5,?
12,0,0,12,0,12,20,23,0,1771,48,1172,15,613,13,5,?
12,0,0,12,0,12,20,23,0,1735,51,1160,19,642,16,5,?
12,0,0,12,0,12,20,23,0,1569,50,1031,13,495,38,5,?
12,0,0,12,0,12,20,23,0,1688,50,1129,13,430,20,5,?
12,0,0,12,0,12,20,23,0,1516,50,984,15,488,25,4,?
12,0,0,12,0,12,20,23,0,1748,50,1197,16,554,34,3,?
12,0,0,12,0,12,20,23,0,1744,50,1159,14,656,38,5,?
12,0,0,12,0,12,20,23,0,1758,50,1178,12,632,10,4,?
12,0,0,12,0,12,20,23,0,1774,49,1183,17,698,31,5,?
12,0,0,12,0,12,20,23,0,1799,50,1210,21,669,29,5,?
12,0,0,12,0,12,20,23,0,1763,51,1254,15,587,25,4,?
12,0,0,12,0,12,20,23,0,1692,49,1132,14,621,26,5,?
12,0,0,12,0,12,20,23,0,1703,50,1092,14,618,20,5,?
12,0,0,12,0,12,20,23,0,1793,50,1199,19,653,38,3,?
12,0,0,12,0,12,20,23,0,1767,50,1206,11,603,19,5,?
12,0,0,12,0,12,20,23,0,1697,48,1128,18,592,32,5,?
12,0,0,12,0,12,20,23,0,1597,51,1095,15,519,32,5,?
12,0,0,12,0,12,20,23,0,1628,50,1094,14,479,29,4,?
12,0,0,12,0,12,20,23,0,1657,49,1077,15,536,15,5,?
12,0,0,12,0,12,20,23,0,1779,50,1163,13,503,25,4,?
12,0,0,12,0,12,20,23,0,1780,50,1139,16,506,18,5,?
12,0,0,12,0,12,20,23,0,1737,50,1220,13,609,27,5,?
12,0,0,12,0,12,20,23,0,1779,49,1127,15,590,30,5,?
12,0,0,12,0,12,20,23,0,1738,49,1170,14,577,27,3,?
12,0,0,12,0,12,20,23,0,1629,50,1102,16,557,34,5,?
12,0,0,12,0,12,20,23,0,1676,50,1149,13,621,25,5,?
12,0,0,12,0,12,20,23,0,1674,51,1138,15,607,24,5,?
12,0,0,12,0,12,20,23,0,1785,49,1177,10,621,27,4,?
12,0,0,12,0,12,20,23,0,1698,51,1113,13,533,34,5,?
12,0,0,12,0,12,20,23,0,1703,50,1153,15,446,21,5,?
12,0,0,12,0,12,20,23,0,1777,52,1159,13,613,20,5,?
12,0,0,12,0,12,20,23,0,1705,49,1092,15,576,31,5,?
12,0,0,12,0,12,20,23,0,1756,49,1141,17,596,29,5,?
12,0,0,12,0,12,20,23,0,1766,50,1192,21,636,30,4,?
12,0,0,12,0,12,20,23,0,1715,50,1162,17,486,15,5,?
12,0,0,12,0,12,20,23,0,1726,49,1176,12,586,28,5,?
12,0,0,12,0,12,20,23,0,1722,50,1148,23,560,26,4,?
12,0,0,12,0,12,20,23,0,1769,51,1182,9,615,29,4,?
12,0,0,12,0,12,20,23,0,1721,50,1152,10,528,19,4,?
12,0,0,12,0,12,20,23,0,1781,50,1209,16,622,29,4,?
12,0,0,12,0,12,20,23,0,1748,51,1140,15,537,31,5,?
12,0,0,12,0,12,20,23,0,1793,50,1142,13,583,29,3,?
12,0,0,12,0,12,20,23,0,1606,50,1058,14,530,24,3,?
12,0,0,12,0,12,20,23,0,1754,51,1179,19,492,24,5,?
12,0,0,12,0,12,20,23,0,1768,51,1191,15,711,15,5,?
12,0,0,12,0,12,20,23,0,1686,51,1136,17,601,19,4,?
12,0,0,12,0,12,20,23,0,1731,50,1152,13,554,19,1,?
12,0,0,12,0,12,20,23,0,1762,50,1146,15,617,19,2,?
12,0,0,12,0,12,20,23,0,1631,49,1088,15,593,19,4,?
12,0,0,12,0,12,20,23,0,1768,51,1174,19,654,25,3,?
12,0,0,12,0,12,20,23,0,1643,50,1085,12,603,27,5,?
12,0,0,12,0,12,20,23,0,1717,50,1157,15,570,11,4,?
12,0,0,12,0,12,20,23,0,1659,50,1153,14,567,26,4,?
12,0,0,12,0,12,20,23,0,1769,50,1175,12,471,34,5,?
12,0,0,12,0,12,20,23,0,1685,51,1133,14,578,21,5,?
12,0,0,12,0,12,20,23,0,1696,52,1115,15,549,25,4,?
12,0,0,12,0,12,20,23,0,1602,50,1092,16,503,20,5,?
12,0,0,12,0,12,20,23,0,1731,48,1154,13,564,33,4,?
12,0,0,12,0,12,20,23,0,1787,50,1182,16,691,19,3,?
12,0,0,12,0,12,20,23,0,1780,50,1147,17,588,11,4,?
12,0,0,12,0,12,20,23,0,1771,51,1219,15,597,22,2,?
12,0,0,12,0,12,20,23,0,1647,51,1093,17,556,31,4,?
12,0,0,12,0,12,20,23,0,1798,50,1228,14,606,17,2,?
12,0,0,12,0,12,20,23,0,1781,51,1172,16,673,27,3,?
12,0,0,12,0,12,20,23,0,1784,48,1177,16,630,25,3,?
12,0,0,12,0,12,20,23,0,1748,50,1142,19,555,19,3,?
12,0,0,12,0,12,20,23,0,1652,50,1074,11,603,28,5,?
12,0,0,12,0,12,20,23,0,1664,50,1111,13,603,19,4,?
12,0,0,12,0,12,20,23,0,1735,49,1162,11,571,19,4,?
12,0,0,12,0,12,20,23,0,1775,52,1171,15,654,23,5,?
12,0,0,12,0,12,20,23,0,1543,50,1022,15,481,19,5,?
12,0,0,12,0,12,20,23,0,1585,50,1077,17,510,17,5,?
12,0,0,12,0,12,20,23,0,1754,50,1177,15,520,28,4,?
12,0,0,12,0,12,20,23,0,1584,51,1034,14,556,22,5,?
12,0,0,12,0,12,20,23,0,1792,49,1219,14,611,28,4,?
12,0,0,12,0,12,20,23,0,1776,50,1230,15,611,15,3,?
12,0,0,12,0,12,20,23,0,1747,50,1178,15,550,39,4,?
12,0,0,12,0,12,20,23,0,1781,52,1199,15,622,22,4,?
12,0,0,12,0,12,20,23,0,1689,51,1125,10,546,27,5,?
12,0,0,12,0,12,20,23,0,1687,50,1147,16,550,15,5,?
12,0,0,12,0,12,20,23,0,1783,50,1224,19,601,22,4,?
12,0,0,12,0,12,20,23,0,1759,51,1177,12,572,30,5,?
12,0,0,12,0,12,20,23,0,1762,49,1208,16,640,24,4,?
12,0,0,12,0,12,20,23,0,1741,50,1114,15,559,33,3,?
12,0,0,12,0,12,20,23,0,1758,50,1220,15,609,29,5,?
12,0,0,12,0,12,20,23,0,1786,50,1269,14,612,27,5,?
12,0,0,12,0,12,20,23,0,1768,50,1186,18,647,21,4,?